0.533,30,15,65
B0,mixamorig_Hips,-1,0.9975284337997437,-0.008710789494216442,-0.06946495920419693,0,0.007975053042173386,0.9999069571495056,-0.01058641355484724,0,0.06955107301473618,0.010006030090153217,0.9975050091743469,0,0.04829378426074982,69.4793930053711,-0.15665122866630554,1
B1,mixamorig_Spine,0,0.9766493439674377,0.18689484894275665,-0.10579534620046616,0,-0.2001122385263443,0.970779299736023,-0.13242191076278687,0,0.0779544934630394,0.15051482617855072,0.9855147004127502,0,0,3.962399959564209,-0.2743000090122223,1
B2,mixamorig_Spine1,1,0.9982920289039612,-0.05600444972515106,-0.016611173748970032,0,0.0569818951189518,0.9962130784988403,0.06565497815608978,0,0.012870728969573975,-0.06648971885442734,0.997702956199646,0,0,14.123299598693848,0.26440000534057617,1
B3,mixamorig_Spine2,2,0.9983685612678528,-0.054926156997680664,-0.015564353205263615,0,0.05584994703531265,0.9962002635002136,0.06681288778781891,0,0.011835473589599133,-0.06757322698831558,0.9976428151130676,0,0,11.404500007629395,0.10610000044107437,1
B4,mixamorig_Neck,3,0.9918297529220581,-0.06552117317914963,-0.10944397747516632,0,0.052222151309251785,0.9913687705993652,-0.12023677676916122,0,0.11637908220291138,0.11353769898414612,0.9866933822631836,0,0,9.946700096130371,0,1
B5,mixamorig_Head,4,0.9956631064414978,-0.010865112766623497,0.09238988906145096,0,0.026056330651044846,0.9859746694564819,-0.16484501957893372,0,-0.08930282294750214,0.16653753817081451,0.9819827079772949,0,0,8.579099655151367,0.11420000344514847,1
B6,mixamorig_HeadTop_End,5,1,0,0,0,0,1,0,0,0,0,1,0,0,25.089099884033203,0.33390000462532043,1
B7,mixamorig_LeftShoulder,3,-0.13502463698387146,-0.00841370690613985,-0.9908064603805542,0,0.9441801905632019,-0.30434298515319824,-0.12608622014522552,0,-0.3004841208457947,-0.9525251388549805,0.049037639051675797,0,4.224100112915039,8.89840030670166,-0.05660000070929527,1
B8,mixamorig_LeftArm,7,0.45038866996765137,0.7680045962333679,-0.4551417827606201,0,-0.3323671221733093,0.617412269115448,0.7128931879997253,0,0.8286260962486267,-0.16988617181777954,0.5333516001701355,0,0,8.861000061035156,0,1
B9,mixamorig_LeftForeArm,8,0.898703396320343,0.43838047981262207,0.005326413549482822,0,-0.43838685750961304,0.8984512686729431,0.021813541650772095,0,0.004783037584275007,-0.021938977763056755,0.9997478127479553,0,0,18.975200653076172,0,1
B10,mixamorig_LeftHand,9,0.9116706252098083,-0.0777256116271019,0.4034882187843323,0,0.03201853111386299,0.9923925995826721,0.1188473105430603,0,-0.40965571999549866,-0.09542978554964066,0.9072245359420776,0,0,19.895999908447266,0,1
B11,mixamorig_LeftHandThumb1,10,0.8974660038948059,0.4408630132675171,-0.013934999704360962,0,-0.4170120060443878,0.8583599925041199,0.2988640069961548,0,0.14371900260448456,-0.2624100148677826,0.9541940093040466,0,-2.088900089263916,2.1412999629974365,1.2094000577926636,1
B12,mixamorig_LeftHandThumb2,11,0.97564697265625,-0.21870200335979462,-0.01680959388613701,0,0.21517600119113922,0.9691529870033264,-0.12017799913883209,0,0.04257399961352348,0.11363399773836136,0.992609977722168,0,-0.329800009727478,2.5601000785827637,0,1
B13,mixamorig_LeftHandThumb3,12,0.9982110261917114,0.052299998700618744,-0.028971999883651733,0,-0.0580269992351532,0.9642170071601868,-0.25868499279022217,0,0.014406000263988972,0.25990399718284607,0.9655269980430603,0,0.07689999788999557,2.7272000312805176,0,1
B14,mixamorig_LeftHandThumb4,13,1,0,0,0,0,1,0,0,0,0,1,0,0.25290000438690186,2.237600088119507,0,1
B15,mixamorig_LeftHandIndex1,10,0.9806950092315674,0.1930910050868988,0.030882999300956726,0,-0.1921599954366684,0.9223589897155762,0.3351539969444275,0,0.03623000159859657,-0.3346180021762848,0.9416570067405701,0,-2.5859999656677246,6.942299842834473,0.02969999983906746,1
B16,mixamorig_LeftHandIndex2,15,0.9998070001602173,-0.019558999687433243,-0.0020800000056624413,0,0.019562000408768654,0.9777770042419434,0.20873400568962097,0,-0.0020490000024437904,-0.20873500406742096,0.9779700040817261,0,0.0010000000474974513,2.844899892807007,0,1
B17,mixamorig_LeftHandIndex3,16,0.9999520182609558,-0.00979200005531311,-0.0005879999953322113,0,0.00979399960488081,0.9932000041007996,0.11600399762392044,0,-0.0005515940138138831,-0.11600399762392044,0.9932489991188049,0,-0.0013000000035390258,2.6654999256134033,0,1
B18,mixamorig_LeftHandIndex4,17,1,0,0,0,0,1,0,0,0,0,1,0,0.0003000000142492354,2.2973999977111816,0,1
B19,mixamorig_LeftHandMiddle1,10,0.9781380295753479,0.2036059945821762,0.042305998504161835,0,-0.2068129926919937,0.9311320185661316,0.3003700077533722,0,0.021764999255537987,-0.3025529980659485,0.9528840184211731,0,-0.8149999976158142,6.827199935913086,-0.11010000109672546,1
B20,mixamorig_LeftHandMiddle2,19,0.9998660087585449,-0.01620499975979328,-0.0021150000393390656,0,0.016266999766230583,0.9744340181350708,0.22408241033554077,0,-0.0015704060206189752,-0.22408699989318848,0.9745680093765259,0,-0.011699999682605267,3.2567999362945557,0,1
B21,mixamorig_LeftHandMiddle3,20,0.9999610185623169,-0.0087890001013875,-0.0006000000284984708,0,0.008775593712925911,0.9877880215644836,0.15555700659751892,0,-0.0007750000222586095,-0.15555641055107117,0.9878270030021667,0,-0.000699999975040555,3.1779000759124756,0,1
B22,mixamorig_LeftHandMiddle4,21,1,0,0,0,0,1,0,0,0,0,1,0,0.012400000356137753,2.6951000690460205,0,1
B23,mixamorig_LeftHandRing1,10,0.9658970236778259,0.2533549964427948,0.053419001400470734,0,-0.25746598839759827,0.9179159998893738,0.30189600586891174,0,0.027452999725937843,-0.3053539991378784,0.9518430233001709,0,0.8988000154495239,6.77869987487793,-0.023000000044703484,1
B24,mixamorig_LeftHandRing2,23,0.9998660087585449,-0.016231000423431396,-0.0018810000037774444,0,0.01624000072479248,0.9744129776954651,0.22417600452899933,0,-0.0018060000147670507,-0.22417700290679932,0.9745470285415649,0,-0.004000000189989805,2.9579999446868896,0,1
B25,mixamorig_LeftHandRing3,24,0.9999139904975891,-0.01309240609407425,-0.0008984060259535909,0,0.013073000125586987,0.9877309799194336,0.15561899542808533,0,-0.0011500000255182385,-0.15561699867248535,0.9878169894218445,0,0.0024999999441206455,2.7569000720977783,0,1
B26,mixamorig_LeftHandRing4,25,1,0,0,0,0,1,0,0,0,0,1,0,0.001500000013038516,2.3345999717712402,0,1
B27,mixamorig_LeftHandPinky1,10,0.9653760194778442,0.25391900539398193,0.05977800115942955,0,-0.2599494159221649,0.9172639846801758,0.3017509877681732,0,0.02178799919784069,-0.30684199929237366,0.951511025428772,0,2.50219988822937,6.3907999992370605,0.08749999850988388,1
B28,mixamorig_LeftHandPinky2,27,0.999813973903656,-0.019210999831557274,-0.0018550000386312604,0,0.01913899928331375,0.9743859767913818,0.22406600415706635,0,-0.0024969999212771654,-0.22405999898910522,0.9745720028877258,0,0.0031999999191612005,2.623699903488159,0,1
B29,mixamorig_LeftHandPinky3,28,0.9998090267181396,-0.019443999975919724,-0.0018360000103712082,0,0.01949259452521801,0.987637996673584,0.1555349975824356,0,-0.0012110000243410468,-0.15554100275039673,0.9878290295600891,0,0.0038999998942017555,2.1321001052856445,0,1
B30,mixamorig_LeftHandPinky4,29,1,0,0,0,0,1,0,0,0,0,1,0,-0.0071000000461936,1.7932000160217285,0,1
B31,mixamorig_RightShoulder,3,0.06293700635433197,-0.04172373563051224,0.997144877910614,0,-0.9551137685775757,-0.29230087995529175,0.04805313050746918,0,0.2894611656665802,-0.9554111957550049,-0.05824815109372139,0,-4.224100112915039,8.897299766540527,-0.03020000085234642,1
B32,mixamorig_RightArm,31,0.3572295606136322,-0.2703934907913208,-0.8937126994132996,0,0.6519588828086853,0.7575868964195251,0.031330645084381104,0,0.6685328483581543,-0.5939525961875916,0.4469357132911682,0,0,8.861000061035156,0,1
B33,mixamorig_RightForeArm,32,0.10124767571687698,-0.993941068649292,-0.042706020176410675,0,0.9939590692520142,0.09923774003982544,0.04681866243481636,0,-0.04229702055454254,-0.047188255935907364,0.9979904890060425,0,0,18.973600387573242,0,1
B34,mixamorig_RightHand,33,0.8640335202217102,0.3722493350505829,0.33869469165802,0,-0.06439284235239029,0.7481353282928467,-0.6591100692749023,0,-0.4990868866443634,0.5476547479629517,0.6702625751495361,0,0,19.898300170898438,0,1
B35,mixamorig_RightHandThumb1,34,0.893110990524292,-0.447068989276886,0.04982199892401695,0,0.415706992149353,0.8625900149345398,0.288316011428833,0,-0.17187300324440002,-0.23678641021251678,0.9562379717826843,0,2.062000036239624,2.147700071334839,1.2410000562667847,1
B36,mixamorig_RightHandThumb2,35,0.9895700216293335,0.143996000289917,0.004080594051629305,0,-0.14404399693012238,0.9894310235977173,0.016685999929904938,0,-0.0016349999932572246,-0.017100000753998756,0.9998520016670227,0,0.274399995803833,2.5659000873565674,0,1
B37,mixamorig_RightHandThumb3,36,0.9977030158042908,0.06690099835395813,0.010665000416338444,0,-0.061990998685359955,0.9650620222091675,-0.25458401441574097,0,-0.02732500061392784,0.2533380091190338,0.9669920206069946,0,-0.07670000195503235,2.7302000522613525,0,1
B38,mixamorig_RightHandThumb4,37,1,0,0,0,0,1,0,0,0,0,1,0,-0.19769999384880066,2.24429988861084,0,1
B39,mixamorig_RightHandIndex1,34,0.998416006565094,-0.05626000091433525,0.00046940601896494627,0,0.05539959296584129,0.9845389723777771,0.1661739945411682,0,-0.00981099996715784,-0.16588500142097473,0.9860960245132446,0,2.5699000358581543,7.053800106048584,0.05090000107884407,1
B40,mixamorig_RightHandIndex2,39,0.9999390244483948,0.010983999818563461,0.0007489999989047647,0,-0.010982999578118324,0.9905300140380859,0.13685299456119537,0,0.0007614059722982347,-0.13685299456119537,0.9905909895896912,0,-0.001500000013038516,2.8162999153137207,0,1
B41,mixamorig_RightHandIndex3,40,0.9999529719352722,0.00967899989336729,0.0007040000054985285,0,-0.009685000404715538,0.9905440211296082,0.13685299456119537,0,0.0006270000012591481,-0.1368533968925476,0.9905909895896912,0,0.0012000000569969416,2.6396000385284424,0,1
B42,mixamorig_RightHandIndex4,41,1,0,0,0,0,1,0,0,0,0,1,0,0.0003000000142492354,2.241499900817871,0,1
B43,mixamorig_RightHandMiddle1,34,0.9947080016136169,-0.10261200368404388,-0.0051750000566244125,0,0.10199999809265137,0.9802200198173523,0.1695999950170517,0,-0.012330000288784504,-0.16922999918460846,0.9854990243911743,0,0.765500009059906,7.018199920654297,-0.09040000289678574,1
B44,mixamorig_RightHandMiddle2,43,0.9999889731407166,0.0045889997854828835,0.0003150000120513141,0,-0.0045889997854828835,0.990576982498169,0.13687700033187866,0,0.00031599999056197703,-0.13687700033187866,0.9905880093574524,0,0.008500000461935997,3.3401999473571777,0,1
B45,mixamorig_RightHandMiddle3,44,0.9999269843101501,0.01206399966031313,0.0005590000073425472,0,-0.012027000077068806,0.9905149936676025,0.1368750035762787,0,0.0010974060278385878,-0.13687199354171753,0.9905880093574524,0,-0.007899999618530273,3.0566999912261963,0,1
B46,mixamorig_RightHandMiddle4,45,1,0,0,0,0,1,0,0,0,0,1,0,-0.0006000000284984708,2.6394999027252197,0,1
B47,mixamorig_RightHandRing1,34,0.9960610270500183,-0.08854600042104721,-0.004807000048458576,0,0.08808799833059311,0.9817699790000916,0.16842800378799438,0,-0.010193999856710434,-0.16818800568580627,0.9857019782066345,0,-0.892300009727478,6.911099910736084,-0.12160000205039978,1
B48,mixamorig_RightHandRing2,47,0.9997599720954895,0.02172459475696087,0.002993999980390072,0,-0.021721594035625458,0.9622099995613098,0.2714399993419647,0,0.0030159999150782824,-0.2714399993419647,0.9624509811401367,0,-0.003000000026077032,2.9238998889923096,0,1
B49,mixamorig_RightHandRing3,48,0.9999579787254333,0.009140999987721443,0.0006929999799467623,0,-0.009150000289082527,0.9905490279197693,0.13685540854930878,0,0.0005649999948218465,-0.13685600459575653,0.9905909895896912,0,0.0026000000070780516,2.7179999351501465,0,1
B50,mixamorig_RightHandRing4,49,1,0,0,0,0,1,0,0,0,0,1,0,0.0003000000142492354,2.3796000480651855,0,1
B51,mixamorig_RightHandPinky1,34,0.9980199933052063,-0.06288859248161316,0.001370999962091446,0,0.06255500018596649,0.9945420026779175,0.08350399881601334,0,-0.00661499984562397,-0.08325300365686417,0.9965059757232666,0,-2.4430999755859375,6.45359992980957,0.12549999356269836,1
B52,mixamorig_RightHandPinky2,51,0.9998070001602173,0.019491000100970268,0.002429000101983547,0,-0.019418999552726746,0.9623404145240784,0.2711525857448578,0,0.002947000088170171,-0.2711470127105713,0.9625329971313477,0,-0.0026000000070780516,2.6278998851776123,0,1
B53,mixamorig_RightHandPinky3,52,0.9992790222167969,0.03671399876475334,0.009653594344854355,0,-0.036931999027729034,0.8813830018043518,0.4709559977054596,0,0.00878200028091669,-0.47097301483154297,0.8821039795875549,0,-0.0019000000320374966,2.122499942779541,0,1
B54,mixamorig_RightHandPinky4,53,1,0,0,0,0,1,0,0,0,0,1,0,0.0044999998062849045,1.7920000553131104,0,1
B55,mixamorig_LeftUpLeg,0,-0.9802776575088501,-0.025447750464081764,0.19597689807415009,0,0.04846253991127014,-0.9923469424247742,0.11355365067720413,0,0.1915857046842575,0.12081176042556763,0.9740110039710999,0,7.557000160217285,-4.826300144195557,0.3005000054836273,1
B56,mixamorig_LeftLeg,55,0.9954681992530823,-0.043389059603214264,-0.0844043493270874,0,0.02346518076956272,0.9743462204933167,-0.22376678884029388,0,0.0919535756111145,0.22076590359210968,0.9709514379501343,0,-0.12460000067949295,24.065799713134766,0.1046999990940094,1
B57,mixamorig_LeftFoot,56,0.993772566318512,0.01023166161030531,0.1109568327665329,0,-0.10301952064037323,0.46384352445602417,0.8799062967300415,0,-0.04246363043785095,-0.8858579397201538,0.46200883388519287,0,-0.006000000052154064,33.0630989074707,0.0038999998942017555,1
B58,mixamorig_LeftToeBase,57,0.999851405620575,0.00006136841693660244,0.017254166305065155,0,-0.009368999861180782,0.8416646718978882,0.5399188995361328,0,-0.014489322900772095,-0.5399999022483826,0.8415400385856628,0,-0.0052999998442828655,12.89330005645752,-0.515500009059906,1
B59,mixamorig_LeftToe_End,58,1,0,0,0,0,1,0,0,0,0,1,0,0.0142000000923872,6.42080020904541,0.007899999618530273,1
B60,mixamorig_RightUpLeg,0,-0.9997324347496033,-0.020103953778743744,0.011166571639478207,0,0.02113190107047558,-0.9946402907371521,0.10118388384580612,0,0.009072533808648586,0.10139252990484238,0.9948051571846008,0,-7.557000160217285,-4.826300144195557,0.3005000054836273,1
B61,mixamorig_RightLeg,60,0.9921872019767761,-0.021238112822175026,-0.12272254377603531,0,-0.004139541648328304,0.979219913482666,-0.20266093313694,0,0.12449630349874496,0.20156578719615936,0.9714959859848022,0,0.12479999661445618,24.070100784301758,-0.14489999413490295,1
B62,mixamorig_RightFoot,61,0.9989154934883118,-0.012122180312871933,0.04493633285164833,0,-0.03382052481174469,0.4741762578487396,0.8797769546508789,0,-0.03197070583701134,-0.8803425431251526,0.4732525050640106,0,0.006000000052154064,33.0630989074707,0.0044999998062849045,1
B63,mixamorig_RightToeBase,62,0.9998559951782227,0.0000019999999949504854,-0.016966000199317932,0,0.009282000362873077,0.8370140194892883,0.5471023917198181,0,0.014201999641954899,-0.5471810102462769,0.8368939757347107,0,0.005400000140070915,12.718299865722656,-0.5224000215530396,1
B64,mixamorig_RightToe_End,63,1,0,0,0,0,1,0,0,0,0,1,0,-0.0142000000923872,6.412099838256836,0.007899999618530273,1
@52,0,1,2,3,4,5,7,8,9,10,11,12,13,15,16,17,19,20,21,23,24,25,27,28,29,31,32,33,34,35,36,37,39,40,41,43,44,45,47,48,49,51,52,53,55,56,57,58,60,61,62,63
K0.000,0.9992190003395081,-0.010071000084280968,-0.03820199891924858,0,0.010054999962449074,0.9999489784240723,-0.0006169999833218753,0,0.03820599988102913,0.00023200000578071922,0.9992700219154358,0,-0.0060640000738203526,69.38752746582031,-0.36071598529815674,1,0.9814599752426147,0.16494999825954437,-0.09760700166225433,0,-0.17804600298404694,0.9731780290603638,-0.14568600058555603,0,0.07095800340175629,0.16036400198936462,0.984503984451294,0,0,3.962399959564209,-0.2743000090122223,1,0.9988390207290649,-0.04543599858880043,-0.016002999618649483,0,0.04645400121808052,0.9964420199394226,0.07032199949026108,0,0.012751000002026558,-0.07098399847745895,0.9973959922790527,0,0,14.123299598693848,0.26440000534057617,1,0.99891197681427,-0.04434899985790253,-0.014441999606788158,0,0.04526900127530098,0.9964280128479004,0.07129400223493576,0,0.011229000054299831,-0.07186999917030334,0.9973509907722473,0,0,11.404500007629395,0.10610000044107437,1,0.9953619837760925,-0.01944899931550026,-0.09420999884605408,0,0.00635500019416213,0.9905030131340027,-0.13734300434589386,0,0.0959869995713234,0.13610799610614777,0.986033022403717,0,0,9.946700096130371,0,1,0.9950640201568604,0.004947000183165073,0.09911300241947174,0,0.012161999940872192,0.9851490259170532,-0.17126800119876862,0,-0.09848800301551819,0.17162799835205078,0.9802259802818298,0,0,8.579099655151367,0.11420000344514847,1,-0.12225300073623657,-0.008829000405967236,-0.9924600124359131,0,0.9543200135231018,-0.2757270038127899,-0.11510200053453445,0,-0.27263200283050537,-0.9611949920654297,0.04213400185108185,0,4.224100112915039,8.89840030670166,-0.05660000070929527,1,0.4819929897785187,0.7733690142631531,-0.41180500388145447,0,-0.3046349883079529,0.5885999798774719,0.7488309741020203,0,0.8215109705924988,-0.23548099398612976,0.5192959904670715,0,0,8.861000061035156,0,1,0.9019240140914917,0.4318639934062958,0.005166999995708466,0,-0.4318709969520569,0.9016799926757812,0.02148899994790554,0,0.004621999803930521,-0.021612999960780144,0.9997559785842896,0,0,18.975200653076172,0,1,0.8929049968719482,-0.05973200127482414,0.4462659955024719,0,0.005597999785095453,0.9925569891929626,0.12165100127458572,0,-0.4502109885215759,-0.10612399876117706,0.8865929841995239,0,0,19.895999908447266,0,1,0.8974660038948059,0.4408630132675171,-0.013934999704360962,0,-0.4170120060443878,0.8583599925041199,0.2988640069961548,0,0.14371900260448456,-0.2624090015888214,0.9541940093040466,0,-2.088900089263916,2.1412999629974365,1.2094000577926636,1,0.97564697265625,-0.21870100498199463,-0.016808999702334404,0,0.21517500281333923,0.9691529870033264,-0.1201770007610321,0,0.04257399961352348,0.11363399773836136,0.992609977722168,0,-0.329800009727478,2.5601000785827637,0,1,0.9982110261917114,0.052299998700618744,-0.028971999883651733,0,-0.0580269992351532,0.9642170071601868,-0.25868600606918335,0,0.014406000263988972,0.25990399718284607,0.9655269980430603,0,0.07689999788999557,2.7272000312805176,0,1,0.9806950092315674,0.1930910050868988,0.030882999300956726,0,-0.1921599954366684,0.9223589897155762,0.3351539969444275,0,0.03623000159859657,-0.3346180021762848,0.9416570067405701,0,-2.5859999656677246,6.942299842834473,0.02969999983906746,1,0.9998070001602173,-0.019557999446988106,-0.0020800000056624413,0,0.019561000168323517,0.9777770042419434,0.20873400568962097,0,-0.0020490000024437904,-0.20873400568962097,0.9779700040817261,0,0.0010000000474974513,2.844899892807007,0,1,0.9999520182609558,-0.00979200005531311,-0.0005890000029467046,0,0.00979399960488081,0.9932000041007996,0.11600399762392044,0,-0.0005510000046342611,-0.11600399762392044,0.9932489991188049,0,-0.0013000000035390258,2.6654999256134033,0,1,0.9781380295753479,0.2036069929599762,0.042305998504161835,0,-0.2068129926919937,0.9311320185661316,0.3003700077533722,0,0.021764999255537987,-0.3025529980659485,0.9528840184211731,0,-0.8149999976158142,6.827199935913086,-0.11010000109672546,1,0.9998660087585449,-0.01620499975979328,-0.0021150000393390656,0,0.016266999766230583,0.9744340181350708,0.22408300638198853,0,-0.0015709999715909362,-0.22408699989318848,0.9745680093765259,0,-0.011699999682605267,3.2567999362945557,0,1,0.9999610185623169,-0.0087890001013875,-0.0006000000284984708,0,0.008775999769568443,0.9877880215644836,0.15555700659751892,0,-0.0007750000222586095,-0.15555599331855774,0.9878270030021667,0,-0.000699999975040555,3.1779000759124756,0,1,0.9658970236778259,0.2533549964427948,0.053419001400470734,0,-0.25746598839759827,0.9179159998893738,0.30189499258995056,0,0.027452999725937843,-0.30535298585891724,0.9518430233001709,0,0.8988000154495239,6.77869987487793,-0.023000000044703484,1,0.9998660087585449,-0.016231000423431396,-0.0018810000037774444,0,0.01624000072479248,0.9744129776954651,0.22417600452899933,0,-0.0018060000147670507,-0.22417700290679932,0.9745470285415649,0,-0.004000000189989805,2.9579999446868896,0,1,0.9999139904975891,-0.013092000037431717,-0.0008989999769255519,0,0.013073000125586987,0.9877309799194336,0.15561899542808533,0,-0.0011500000255182385,-0.15561699867248535,0.9878169894218445,0,0.0024999999441206455,2.7569000720977783,0,1,0.9653760194778442,0.25391900539398193,0.05977800115942955,0,-0.2599489986896515,0.9172639846801758,0.3017500042915344,0,0.02178799919784069,-0.30684199929237366,0.951511025428772,0,2.50219988822937,6.3907999992370605,0.08749999850988388,1,0.999813973903656,-0.019210999831557274,-0.0018550000386312604,0,0.01913899928331375,0.9743859767913818,0.22406600415706635,0,-0.0024969999212771654,-0.22405999898910522,0.9745720028877258,0,0.0031999999191612005,2.623699903488159,0,1,0.9998090267181396,-0.019442999735474586,-0.0018360000103712082,0,0.019492000341415405,0.987637996673584,0.1555349975824356,0,-0.0012110000243410468,-0.15554100275039673,0.9878290295600891,0,0.0038999998942017555,2.1321001052856445,0,1,0.06046399846673012,-0.04076400026679039,0.9973379969596863,0,-0.9625049829483032,-0.267084002494812,0.04743599891662598,0,0.2644389867782593,-0.9628109931945801,-0.05538399890065193,0,-4.224100112915039,8.897299766540527,-0.03020000085234642,1,0.5818970203399658,-0.49828198552131653,-0.6427369713783264,0,0.6079260110855103,0.7914729714393616,-0.06320799887180328,0,0.5402050018310547,-0.353956013917923,0.7634750008583069,0,0,8.861000061035156,0,1,-0.006763000041246414,-0.9988340139389038,-0.047793999314308167,0,0.998852014541626,-0.009014000184834003,0.04704900085926056,0,-0.04742500185966492,-0.04742100089788437,0.9977489709854126,0,0,18.973600387573242,0,1,0.7587739825248718,0.4213069975376129,0.496751993894577,0,-0.08532600104808807,0.8203650116920471,-0.5654379725456238,0,-0.6457409858703613,0.38665398955345154,0.6584200263023376,0,0,19.898300170898438,0,1,0.893110990524292,-0.447068989276886,0.04982199892401695,0,0.415706992149353,0.8625900149345398,0.288316011428833,0,-0.17187300324440002,-0.23678700625896454,0.9562379717826843,0,2.062000036239624,2.147700071334839,1.2410000562667847,1,0.9895700216293335,0.143995001912117,0.004081000108271837,0,-0.14404399693012238,0.9894310235977173,0.016685999929904938,0,-0.0016349999932572246,-0.017100000753998756,0.9998520016670227,0,0.274399995803833,2.5659000873565674,0,1,0.9977030158042908,0.06690099835395813,0.010665000416338444,0,-0.061990998685359955,0.9650620222091675,-0.25458401441574097,0,-0.02732500061392784,0.2533380091190338,0.9669920206069946,0,-0.07670000195503235,2.7302000522613525,0,1,0.998416006565094,-0.05626000091433525,0.0004689999914262444,0,0.055399999022483826,0.9845389723777771,0.1661739945411682,0,-0.00981099996715784,-0.16588500142097473,0.9860960245132446,0,2.5699000358581543,7.053800106048584,0.05090000107884407,1,0.9999390244483948,0.010983999818563461,0.0007489999989047647,0,-0.010982999578118324,0.9905300140380859,0.13685299456119537,0,0.0007609999738633633,-0.13685299456119537,0.9905909895896912,0,-0.001500000013038516,2.8162999153137207,0,1,0.9999529719352722,0.00967899989336729,0.0007040000054985285,0,-0.009685000404715538,0.9905440211296082,0.13685299456119537,0,0.0006270000012591481,-0.13685299456119537,0.9905909895896912,0,0.0012000000569969416,2.6396000385284424,0,1,0.9947080016136169,-0.10261200368404388,-0.0051750000566244125,0,0.10199999809265137,0.9802200198173523,0.1695999950170517,0,-0.012330000288784504,-0.16922999918460846,0.9854990243911743,0,0.765500009059906,7.018199920654297,-0.09040000289678574,1,0.9999889731407166,0.0045889997854828835,0.0003150000120513141,0,-0.0045889997854828835,0.990576982498169,0.13687700033187866,0,0.00031599999056197703,-0.13687700033187866,0.9905880093574524,0,0.008500000461935997,3.3401999473571777,0,1,0.9999269843101501,0.01206399966031313,0.0005590000073425472,0,-0.012027000077068806,0.9905149936676025,0.13687600195407867,0,0.0010979999788105488,-0.13687199354171753,0.9905880093574524,0,-0.007899999618530273,3.0566999912261963,0,1,0.9960610270500183,-0.08854600042104721,-0.004807000048458576,0,0.08808799833059311,0.9817699790000916,0.16842800378799438,0,-0.010193999856710434,-0.16818800568580627,0.9857019782066345,0,-0.892300009727478,6.911099910736084,-0.12160000205039978,1,0.9997599720954895,0.021724000573158264,0.002993999980390072,0,-0.021720999851822853,0.9622099995613098,0.2714399993419647,0,0.0030159999150782824,-0.27143898606300354,0.9624509811401367,0,-0.003000000026077032,2.9238998889923096,0,1,0.9999579787254333,0.009140999987721443,0.0006929999799467623,0,-0.009150000289082527,0.9905490279197693,0.13685500621795654,0,0.0005649999948218465,-0.13685600459575653,0.9905909895896912,0,0.0026000000070780516,2.7179999351501465,0,1,0.9980199933052063,-0.06288900226354599,0.001370999962091446,0,0.06255500018596649,0.9945420026779175,0.08350399881601334,0,-0.00661499984562397,-0.08325300365686417,0.9965059757232666,0,-2.4430999755859375,6.45359992980957,0.12549999356269836,1,0.9998070001602173,0.019491000100970268,0.002429000101983547,0,-0.019418999552726746,0.9623399972915649,0.2711530029773712,0,0.002947000088170171,-0.2711479961872101,0.9625329971313477,0,-0.0026000000070780516,2.6278998851776123,0,1,0.9992790222167969,0.03671399876475334,0.009654000401496887,0,-0.036931999027729034,0.8813830018043518,0.4709559977054596,0,0.00878200028091669,-0.47097301483154297,0.8821039795875549,0,-0.0019000000320374966,2.122499942779541,0,1,-0.9807459712028503,-0.02407499961555004,0.19380000233650208,0,0.0522489994764328,-0.9885429739952087,0.14160600304603577,0,0.18817000091075897,0.1490049958229065,0.9707670211791992,0,7.557000160217285,-4.826300144195557,0.3005000054836273,1,0.9980120062828064,-0.03483099862933159,-0.05252499878406525,0,0.020363999530673027,0.9669219851493835,-0.254256010055542,0,0.05964399874210358,0.2526809871196747,0.9657099843025208,0,-0.12460000067949295,24.065799713134766,0.1046999990940094,1,0.9936969876289368,0.004137999843806028,0.11202699691057205,0,-0.10175400227308273,0.4526810050010681,0.8858479857444763,0,-0.047047000378370285,-0.8916630148887634,0.45024898648262024,0,-0.006000000052154064,33.0630989074707,0.0038999998942017555,1,0.9998490214347839,-0.000025999999706982635,0.017381999641656876,0,-0.009368999861180782,0.841497004032135,0.5401809811592102,0,-0.01464099995791912,-0.54026198387146,0.8413689732551575,0,-0.0052999998442828655,12.89330005645752,-0.515500009059906,1,-0.9998390078544617,-0.013995000161230564,0.011246000416576862,0,0.015390999615192413,-0.9906449913978577,0.1355919986963272,0,0.00924300029873848,0.13574300706386566,0.9907010197639465,0,-7.557000160217285,-4.826300144195557,0.3005000054836273,1,0.9957190155982971,-0.0033599999733269215,-0.09237000346183777,0,-0.01810000091791153,0.9729040265083313,-0.2304999977350235,0,0.09064199775457382,0.23118600249290466,0.9686779975891113,0,0.12479999661445618,24.070100784301758,-0.14489999413490295,1,0.9988570213317871,-0.021131999790668488,0.042869001626968384,0,-0.027891000732779503,0.4706529974937439,0.8818770051002502,0,-0.038812000304460526,-0.8820649981498718,0.4695259928703308,0,0.006000000052154064,33.0630989074707,0.0044999998062849045,1,0.9998559951782227,0.0000019999999949504854,-0.016966000199317932,0,0.009282000362873077,0.8370140194892883,0.5471019744873047,0,0.014201999641954899,-0.5471810102462769,0.8368939757347107,0,0.005400000140070915,12.718299865722656,-0.5224000215530396,1
K0.033,0.9991390109062195,-0.006207992322742939,-0.041023142635822296,0,0.006243991199880838,0.9999799728393555,0.000759971619118005,0,0.041017141193151474,-0.0010149721056222916,0.9991580247879028,0,-0.1522618681192398,69.30927276611328,-0.5027711391448975,1,0.986204981803894,0.14669391512870789,-0.07668988406658173,0,-0.1570838987827301,0.9754850268363953,-0.15411999821662903,0,0.05220090225338936,0.1640399843454361,0.9850710034370422,0,0,3.962399959564209,-0.2743000090122223,1,0.9991689920425415,-0.038705974817276,-0.012768981978297234,0,0.03951296955347061,0.996724009513855,0.07057400047779083,0,0.009994984604418278,-0.07101999968290329,0.9974250197410583,0,0,14.123299598693848,0.26440000534057617,1,0.999222993850708,-0.037855975329875946,-0.010952981188893318,0,0.038541972637176514,0.9967120289802551,0.07126499712467194,0,0.00821998342871666,-0.07163199782371521,0.9973970055580139,0,0,11.404500007629395,0.10610000044107437,1,0.9959740042686462,-0.00359600898809731,-0.08956697583198547,0,-0.00960899330675602,0.9891549944877625,-0.14656205475330353,0,0.08912298083305359,0.14683306217193604,0.9851379990577698,0,0,9.946700096130371,0,1,0.9947879910469055,0.011030001565814018,0.1013680249452591,0,0.0063699996098876,0.9854670166969299,-0.16974598169326782,0,-0.10176702588796616,0.1695069819688797,0.9802600145339966,0,0,8.579099655151367,0.11420000344514847,1,-0.12390102446079254,-0.00872499868273735,-0.9922559857368469,0,0.9529970288276672,-0.2796710729598999,-0.11654001474380493,0,-0.2764880657196045,-0.9600560069084167,0.04296701028943062,0,4.224100112915039,8.89840030670166,-0.05660000070929527,1,0.49601808190345764,0.7526808977127075,-0.4329400956630707,0,-0.2776138484477997,0.6098971366882324,0.742263913154602,0,0.8227369785308838,-0.2479860931634903,0.5114750266075134,0,0,8.861000061035156,0,1,0.8825888633728027,0.47010520100593567,0.006128005683422089,0,-0.4701122045516968,0.8822968602180481,0.023392008617520332,0,0.005590005777776241,-0.023527009412646294,0.9997079968452454,0,0,18.975200653076172,0,1,0.8848090171813965,-0.09073023498058319,0.45703592896461487,0,0.051374368369579315,0.9938750267028809,0.09784482419490814,0,-0.4631139039993286,-0.06309367716312408,0.8840500712394714,0,0,19.895999908447266,0,1,0.8974660038948059,0.4408630132675171,-0.013934999704360962,0,-0.4170120060443878,0.8583599925041199,0.2988640069961548,0,0.14371900260448456,-0.2624090015888214,0.9541940093040466,0,-2.088900089263916,2.1412999629974365,1.2094000577926636,1,0.97564697265625,-0.21870200335979462,-0.016808999702334404,0,0.21517500281333923,0.9691529870033264,-0.12017799913883209,0,0.04257399961352348,0.11363399773836136,0.992609977722168,0,-0.329800009727478,2.5601000785827637,0,1,0.9982110261917114,0.052299998700618744,-0.028971999883651733,0,-0.0580269992351532,0.9642170071601868,-0.25868600606918335,0,0.014406000263988972,0.25990399718284607,0.9655269980430603,0,0.07689999788999557,2.7272000312805176,0,1,0.9806950092315674,0.1930910050868988,0.030883999541401863,0,-0.1921599954366684,0.9223589897155762,0.3351539969444275,0,0.03622899949550629,-0.3346180021762848,0.9416570067405701,0,-2.5859999656677246,6.942299842834473,0.02969999983906746,1,0.9998070001602173,-0.019558999687433243,-0.0020800000056624413,0,0.019562000408768654,0.9777770042419434,0.20873500406742096,0,-0.0020490000024437904,-0.20873500406742096,0.9779700040817261,0,0.0010000000474974513,2.844899892807007,0,1,0.9999520182609558,-0.00979200005531311,-0.0005879999953322113,0,0.00979399960488081,0.9932000041007996,0.11600399762392044,0,-0.0005520000122487545,-0.11600399762392044,0.9932489991188049,0,-0.0013000000035390258,2.6654999256134033,0,1,0.9781380295753479,0.2036059945821762,0.04230700060725212,0,-0.2068129926919937,0.9311320185661316,0.3003700077533722,0,0.021764000877738,-0.3025529980659485,0.9528840184211731,0,-0.8149999976158142,6.827199935913086,-0.11010000109672546,1,0.9998660087585449,-0.01620499975979328,-0.0021150000393390656,0,0.016266999766230583,0.9744340181350708,0.22408199310302734,0,-0.0015699999639764428,-0.22408699989318848,0.9745680093765259,0,-0.011699999682605267,3.2567999362945557,0,1,0.9999610185623169,-0.0087890001013875,-0.0006000000284984708,0,0.008775000460445881,0.9877880215644836,0.15555700659751892,0,-0.0007750000222586095,-0.15555599331855774,0.9878270030021667,0,-0.000699999975040555,3.1779000759124756,0,1,0.9658970236778259,0.2533549964427948,0.053419001400470734,0,-0.25746598839759827,0.9179159998893738,0.30189600586891174,0,0.027452999725937843,-0.3053539991378784,0.9518430233001709,0,0.8988000154495239,6.77869987487793,-0.023000000044703484,1,0.9998660087585449,-0.016231000423431396,-0.0018810000037774444,0,0.01624000072479248,0.9744129776954651,0.22417600452899933,0,-0.0018060000147670507,-0.22417700290679932,0.9745470285415649,0,-0.004000000189989805,2.9579999446868896,0,1,0.9999139904975891,-0.013092000037431717,-0.0008989999769255519,0,0.013073000125586987,0.9877309799194336,0.15561899542808533,0,-0.0011500000255182385,-0.15561699867248535,0.9878169894218445,0,0.0024999999441206455,2.7569000720977783,0,1,0.9653760194778442,0.25391900539398193,0.05977899953722954,0,-0.2599489986896515,0.9172639846801758,0.3017509877681732,0,0.02178799919784069,-0.30684199929237366,0.951511025428772,0,2.50219988822937,6.3907999992370605,0.08749999850988388,1,0.999813973903656,-0.019210999831557274,-0.0018550000386312604,0,0.019138000905513763,0.9743859767913818,0.22406600415706635,0,-0.0024969999212771654,-0.22405999898910522,0.9745720028877258,0,0.0031999999191612005,2.623699903488159,0,1,0.9998090267181396,-0.019442999735474586,-0.0018360000103712082,0,0.019492000341415405,0.987637996673584,0.1555349975824356,0,-0.0012110000243410468,-0.15554100275039673,0.9878290295600891,0,0.0038999998942017555,2.1321001052856445,0,1,0.06213204562664032,-0.041094016283750534,0.9972220063209534,0,-0.9674010276794434,-0.24825391173362732,0.05004304647445679,0,0.24550791084766388,-0.9678230285644531,-0.05517901852726936,0,-4.224100112915039,8.897299766540527,-0.03020000085234642,1,0.6772754788398743,-0.5833311080932617,-0.44835492968559265,0,0.5957767963409424,0.7923980355262756,-0.13097934424877167,0,0.4316793978214264,-0.17840999364852905,0.8842074275016785,0,0,8.861000061035156,0,1,-0.05647128447890282,-0.9971449971199036,-0.050135016441345215,0,0.9971619844436646,-0.05883428454399109,0.04696900025010109,0,-0.04978501424193382,-0.04733999818563461,0.9976369738578796,0,0,18.973600387573242,0,1,0.692448079586029,0.3891952931880951,0.6074886918067932,0,-0.06626562029123306,0.8727678656578064,-0.4836162030696869,0,-0.7184178233146667,0.29462388157844543,0.6301369667053223,0,0,19.898300170898438,0,1,0.893110990524292,-0.447068989276886,0.04982199892401695,0,0.415706992149353,0.8625900149345398,0.288316011428833,0,-0.17187300324440002,-0.23678700625896454,0.9562379717826843,0,2.062000036239624,2.147700071334839,1.2410000562667847,1,0.9895700216293335,0.143996000289917,0.0040799998678267,0,-0.14404399693012238,0.9894310235977173,0.016685999929904938,0,-0.0016349999932572246,-0.017100000753998756,0.9998520016670227,0,0.274399995803833,2.5659000873565674,0,1,0.9977030158042908,0.06690099835395813,0.010665999725461006,0,-0.061990998685359955,0.9650620222091675,-0.25458401441574097,0,-0.02732500061392784,0.2533380091190338,0.9669920206069946,0,-0.07670000195503235,2.7302000522613525,0,1,0.998416006565094,-0.05626000091433525,0.0004689999914262444,0,0.05539900064468384,0.9845389723777771,0.1661749929189682,0,-0.00981099996715784,-0.16588500142097473,0.9860960245132446,0,2.5699000358581543,7.053800106048584,0.05090000107884407,1,0.9999390244483948,0.010983999818563461,0.0007489999989047647,0,-0.010982999578118324,0.9905300140380859,0.13685299456119537,0,0.0007609999738633633,-0.13685299456119537,0.9905909895896912,0,-0.001500000013038516,2.8162999153137207,0,1,0.9999529719352722,0.00967899989336729,0.0007040000054985285,0,-0.009685000404715538,0.9905440211296082,0.13685299456119537,0,0.0006270000012591481,-0.13685399293899536,0.9905909895896912,0,0.0012000000569969416,2.6396000385284424,0,1,0.9947080016136169,-0.10261200368404388,-0.0051750000566244125,0,0.10199999809265137,0.9802200198173523,0.1695999950170517,0,-0.012330000288784504,-0.16922999918460846,0.9854990243911743,0,0.765500009059906,7.018199920654297,-0.09040000289678574,1,0.9999889731407166,0.0045889997854828835,0.0003150000120513141,0,-0.0045889997854828835,0.990576982498169,0.13687700033187866,0,0.00031599999056197703,-0.13687700033187866,0.9905880093574524,0,0.008500000461935997,3.3401999473571777,0,1,0.9999269843101501,0.01206399966031313,0.0005590000073425472,0,-0.012027000077068806,0.9905149936676025,0.13687600195407867,0,0.0010979999788105488,-0.13687199354171753,0.9905880093574524,0,-0.007899999618530273,3.0566999912261963,0,1,0.9960610270500183,-0.08854600042104721,-0.004807999823242426,0,0.08808799833059311,0.9817699790000916,0.16842800378799438,0,-0.010193999856710434,-0.16818800568580627,0.9857019782066345,0,-0.892300009727478,6.911099910736084,-0.12160000205039978,1,0.9997599720954895,0.021724000573158264,0.002993999980390072,0,-0.021720999851822853,0.9622099995613098,0.2714399993419647,0,0.0030159999150782824,-0.2714399993419647,0.9624509811401367,0,-0.003000000026077032,2.9238998889923096,0,1,0.9999579787254333,0.009140999987721443,0.0006929999799467623,0,-0.009150000289082527,0.9905490279197693,0.13685600459575653,0,0.0005649999948218465,-0.13685600459575653,0.9905909895896912,0,0.0026000000070780516,2.7179999351501465,0,1,0.9980199933052063,-0.06288900226354599,0.001370999962091446,0,0.06255500018596649,0.9945420026779175,0.08350399881601334,0,-0.00661499984562397,-0.08325300365686417,0.9965059757232666,0,-2.4430999755859375,6.45359992980957,0.12549999356269836,1,0.9998070001602173,0.019491000100970268,0.002429000101983547,0,-0.019418999552726746,0.9623399972915649,0.2711530029773712,0,0.002947000088170171,-0.2711479961872101,0.9625329971313477,0,-0.0026000000070780516,2.6278998851776123,0,1,0.9992790222167969,0.03671399876475334,0.00965300016105175,0,-0.036931999027729034,0.8813830018043518,0.4709559977054596,0,0.00878200028091669,-0.47097301483154297,0.8821039795875549,0,-0.0019000000320374966,2.122499942779541,0,1,-0.9810190200805664,-0.02165803126990795,0.19269700348377228,0,0.051877040416002274,-0.9868339896202087,0.15319404006004333,0,0.18684197962284088,0.16028206050395966,0.9692260026931763,0,7.557000160217285,-4.826300144195557,0.3005000054836273,1,0.9979180097579956,-0.03608005493879318,-0.05346112698316574,0,0.02054901234805584,0.9635540246963501,-0.26672208309173584,0,0.06113613769412041,0.26506808400154114,0.9622899293899536,0,-0.12460000067949295,24.065799713134766,0.1046999990940094,1,0.9937430024147034,0.0027909947093576193,0.11165699362754822,0,-0.1009099930524826,0.45095500349998474,0.8868240118026733,0,-0.0478769987821579,-0.8925420045852661,0.44841501116752625,0,-0.006000000052154064,33.0630989074707,0.0038999998942017555,1,0.9998490214347839,-0.000018999608073499985,0.017371000722050667,0,-0.009368999861180782,0.8415020108222961,0.5401729941368103,0,-0.014627998694777489,-0.5402550101280212,0.8413739800453186,0,-0.0052999998442828655,12.89330005645752,-0.515500009059906,1,-0.9998509883880615,-0.013312065042555332,0.011012999340891838,0,0.014881064184010029,-0.9874160289764404,0.15744303166866302,0,0.00877898745238781,0.15758304297924042,0.9874669909477234,0,-7.557000160217285,-4.826300144195557,0.3005000054836273,1,0.9955360293388367,-0.008679119870066643,-0.09398512542247772,0,-0.0162639319896698,0.9650939106941223,-0.26139914989471436,0,0.09297315031290054,0.2617611289024353,0.9606439471244812,0,0.12479999661445618,24.070100784301758,-0.14489999413490295,1,0.9988700151443481,-0.021697983145713806,0.04227500036358833,0,-0.02753201127052307,0.46084094047546387,0.8870550394058228,0,-0.0387289859354496,-0.8872170448303223,0.45972293615341187,0,0.006000000052154064,33.0630989074707,0.0044999998062849045,1,0.9998559951782227,0.0000019999999949504854,-0.016966000199317932,0,0.009282000362873077,0.8370140194892883,0.5471019744873047,0,0.014201999641954899,-0.5471810102462769,0.8368939757347107,0,0.005400000140070915,12.718299865722656,-0.5224000215530396,1
