2.900,30,87,65
B0,mixamorig_Hips,-1,0.9861708283424377,-0.067872554063797,0.1508120447397232,0,0.09660821408033371,0.9766585230827332,-0.1908298134803772,0,-0.13428620994091034,0.2027851641178131,0.9697189331054688,0,0.606532096862793,67.3104476928711,-20.10638427734375,1
B1,mixamorig_Spine,0,0.9968315958976746,-0.07930107414722443,0.005956336855888367,0,0.07946615666151047,0.9961570501327515,-0.036807481199502945,0,-0.003014247864484787,0.037164147943258286,0.9993030428886414,0,0,3.962399959564209,-0.2743000090122223,1
B2,mixamorig_Spine1,1,0.9954661726951599,-0.09104442596435547,0.027512285858392715,0,0.09076854586601257,0.9958089590072632,0.011044472455978394,0,-0.028401363641023636,-0.008498120121657848,0.9995586276054382,0,0,14.123299598693848,0.26440000534057617,1
B3,mixamorig_Spine2,2,0.9954639077186584,-0.09103184193372726,0.0276351235806942,0,0.0907609611749649,0.9958122372627258,0.010832066647708416,0,-0.028504634276032448,-0.008276146836578846,0.9995569586753845,0,0,11.404500007629395,0.10610000044107437,1
B4,mixamorig_Neck,3,0.9992608428001404,0.03504364937543869,0.015250151045620441,0,-0.03651674836874008,0.9884422421455383,0.12403226643800735,0,-0.011049711145460606,-0.12451312690973282,0.9890025854110718,0,0,9.946700096130371,0,1
B5,mixamorig_Head,4,0.9987441301345825,0.03403092548251152,0.02877742052078247,0,-0.026820216327905655,0.9738371968269348,-0.22082647681236267,0,-0.03463299199938774,0.21992313861846924,0.9740634560585022,0,0,8.579099655151367,0.11420000344514847,1
B6,mixamorig_HeadTop_End,5,1,0,0,0,0,1,0,0,0,0,1,0,0,25.089099884033203,0.33390000462532043,1
B7,mixamorig_LeftShoulder,3,0.4303078353404999,0.10279697924852371,-0.8964452147483826,0,0.8931058049201965,0.09299980849027634,0.4393830895423889,0,0.12865585088729858,-0.9903284311294556,-0.05170346051454544,0,4.224100112915039,8.89840030670166,-0.05660000070929527,1
B8,mixamorig_LeftArm,7,0.13871456682682037,0.5989956259727478,0.7816745042800903,0,-0.5057996511459351,0.7233903408050537,-0.468744695186615,0,-0.8471058011054993,-0.32967761158943176,0.4024386703968048,0,0,8.861000061035156,0,1
B9,mixamorig_LeftForeArm,8,0.38710817694664,0.9131816625595093,0.030782796442508698,0,-0.9131949543952942,0.3855823874473572,0.0454389713704586,0,0.03038579784333706,-0.045700352638959885,0.9984735250473022,0,0,18.975200653076172,0,1
B10,mixamorig_LeftHand,9,0.908257246017456,-0.09094154834747314,0.4069649577140808,0,0.11886894702911377,0.9907224774360657,-0.04021599143743515,0,-0.4004265069961548,0.084510937333107,0.9105732440948486,0,0,19.895999908447266,0,1
B11,mixamorig_LeftHandThumb1,10,0.9635589718818665,0.13840100169181824,0.22890999913215637,0,-0.19011400640010834,0.9563199877738953,0.22205699980258942,0,-0.18817800283432007,-0.25748398900032043,0.9477819800376892,0,-2.088900089263916,2.1412999629974365,1.2094000577926636,1
B12,mixamorig_LeftHandThumb2,11,0.8855509757995605,-0.3765502870082855,-0.2720459997653961,0,0.4364370107650757,0.8749917149543762,0.20955400168895721,0,0.1591300070285797,-0.30430200695991516,0.9391899704933167,0,-0.329800009727478,2.5601000785827637,0,1
B13,mixamorig_LeftHandThumb3,12,0.9829469919204712,-0.15818999707698822,-0.09375700354576111,0,0.16664999723434448,0.9818500280380249,0.09054571390151978,0,0.07773199677467346,-0.10462599992752075,0.9914690256118774,0,0.07689999788999557,2.7272000312805176,0,1
B14,mixamorig_LeftHandThumb4,13,1,0,0,0,0,1,0,0,0,0,1,0,0.25290000438690186,2.237600088119507,0,1
B15,mixamorig_LeftHandIndex1,10,0.9968820214271545,0.012928999960422516,-0.07783599942922592,0,0.071639284491539,0.2650960087776184,0.9615569710731506,0,0.033066000789403915,-0.9641349911689758,0.2633439898490906,0,-2.5859999656677246,6.942299842834473,0.02969999983906746,1
B16,mixamorig_LeftHandIndex2,15,0.9863309860229492,-0.10576599836349487,-0.12635000050067902,0,0.10592599958181381,-0.1803700029850006,0.9778779745101929,0,-0.12621599435806274,-0.977895975112915,-0.1667012870311737,0,0.0010000000474974513,2.844899892807007,0,1
B17,mixamorig_LeftHandIndex3,16,0.9959110021591187,-0.08183400332927704,-0.0382692813873291,0,0.08195900171995163,0.6402537226676941,0.7637789845466614,0,-0.03800100088119507,-0.7637922763824463,0.6443427205085754,0,-0.0013000000035390258,2.6654999256134033,0,1
B18,mixamorig_LeftHandIndex4,17,1,0,0,0,0,1,0,0,0,0,1,0,0.0003000000142492354,2.2973999977111816,0,1
B19,mixamorig_LeftHandMiddle1,10,0.9965090155601501,0.014283999800682068,-0.08225228637456894,0,0.0755309984087944,0.2654229998588562,0.9611690044403076,0,0.03556099906563759,-0.9640259742736816,0.26341772079467773,0,-0.8149999976158142,6.827199935913086,-0.11010000109672546,1
B20,mixamorig_LeftHandMiddle2,19,0.9873570203781128,-0.09964299947023392,-0.12328000366687775,0,0.10394100099802017,-0.1802079975605011,0.9781209826469421,0,-0.11967899650335312,-0.9785686731338501,-0.1675730049610138,0,-0.011699999682605267,3.2567999362945557,0,1
B21,mixamorig_LeftHandMiddle3,20,0.9964240193367004,-0.07726600021123886,-0.034203000366687775,0,0.07590200006961823,0.6405826807022095,0.7641289830207825,0,-0.03713100031018257,-0.7639920115470886,0.6441566944122314,0,-0.000699999975040555,3.1779000759124756,0,1
B22,mixamorig_LeftHandMiddle4,21,1,0,0,0,0,1,0,0,0,0,1,0,0.012400000356137753,2.6951000690460205,0,1
B23,mixamorig_LeftHandRing1,10,0.9964900016784668,0.01952899992465973,-0.08139800280332565,0,0.07333800196647644,0.2651277184486389,0.9614199995994568,0,0.04035700112581253,-0.9640153050422668,0.26276499032974243,0,0.8988000154495239,6.77869987487793,-0.023000000044703484,1
B24,mixamorig_LeftHandRing2,23,0.9884189963340759,-0.09719199687242508,-0.11654099822044373,0,0.09769999980926514,-0.1800599992275238,0.9787920117378235,0,-0.11611499637365341,-0.97884202003479,-0.16847899556159973,0,-0.004000000189989805,2.9579999446868896,0,1
B25,mixamorig_LeftHandRing3,24,0.9963809847831726,-0.07731900364160538,-0.03530599921941757,0,0.07676299661397934,0.6401826739311218,0.764378011226654,0,-0.03649900108575821,-0.7643219828605652,0.6438009738922119,0,0.0024999999441206455,2.7569000720977783,0,1
B26,mixamorig_LeftHandRing4,25,1,0,0,0,0,1,0,0,0,0,1,0,0.001500000013038516,2.3345999717712402,0,1
B27,mixamorig_LeftHandPinky1,10,0.9893890023231506,-0.004515000153332949,-0.14521799981594086,0,0.1409209966659546,0.2730587124824524,0.9516199827194214,0,0.03535600006580353,-0.9619870185852051,0.2707977294921875,0,2.50219988822937,6.3907999992370605,0.08749999850988388,1
B28,mixamorig_LeftHandPinky2,27,0.9918130040168762,-0.03448199853301048,-0.12295600026845932,0,0.11483900249004364,-0.18025900423526764,0.9768919944763184,0,-0.05584900081157684,-0.9830150008201599,-0.17482300102710724,0,0.0031999999191612005,2.623699903488159,0,1
B29,mixamorig_LeftHandPinky3,28,0.9954929947853088,-0.08552300184965134,-0.04097428172826767,0,0.08639399707317352,0.6397197246551514,0.7637379765510559,0,-0.03910500183701515,-0.7638360261917114,0.644225001335144,0,0.0038999998942017555,2.1321001052856445,0,1
B30,mixamorig_LeftHandPinky4,29,1,0,0,0,0,1,0,0,0,0,1,0,-0.0071000000461936,1.7932000160217285,0,1
B31,mixamorig_RightShoulder,3,0.41053158044815063,-0.053292807191610336,0.9095410704612732,0,-0.8382682800292969,-0.4126054048538208,0.35449671745300293,0,0.3565641939640045,-0.9092186689376831,-0.21358175575733185,0,-4.224100112915039,8.897299766540527,-0.03020000085234642,1
B32,mixamorig_RightArm,31,0.6113706231117249,-0.5593864321708679,-0.5563727617263794,0,0.21796594560146332,0.7945972084999084,-0.5646485686302185,0,0.7579927444458008,0.22396151721477509,0.6076593399047852,0,0,8.861000061035156,0,1
B33,mixamorig_RightForeArm,32,0.35226404666900635,-0.9282716512680054,-0.030882444232702255,0,0.928287923336029,0.35081565380096436,0.04372517019510269,0,-0.030379554256796837,-0.044070400297641754,0.998551607131958,0,0,18.973600387573242,0,1
B34,mixamorig_RightHand,33,0.22036346793174744,-0.5597347617149353,-0.7985243201255798,0,0.6103847622871399,0.7174729108810425,-0.3346584737300873,0,0.7603690028190613,-0.4137829840183258,0.5002861022949219,0,0,19.898300170898438,0,1
B35,mixamorig_RightHandThumb1,34,0.9056400060653687,-0.384209007024765,-0.17944100499153137,0,0.4240419864654541,0.8185456991195679,0.3875199854373932,0,-0.002007999923080206,-0.42704400420188904,0.9042282700538635,0,2.062000036239624,2.147700071334839,1.2410000562667847,1
B36,mixamorig_RightHandThumb2,35,0.6165369749069214,0.6711599826812744,0.4116150140762329,0,-0.7668470144271851,0.6303629875183105,0.12077999860048294,0,-0.17840400338172913,-0.39011070132255554,0.9033190011978149,0,0.274399995803833,2.5659000873565674,0,1
B37,mixamorig_RightHandThumb3,36,0.9266250133514404,0.3424080014228821,0.15531228482723236,0,-0.36168599128723145,0.9246169924736023,0.11944171786308289,0,-0.10270699858665466,-0.16685199737548828,0.9806180000305176,0,-0.07670000195503235,2.7302000522613525,0,1
B38,mixamorig_RightHandThumb4,37,1,0,0,0,0,1,0,0,0,0,1,0,-0.19769999384880066,2.24429988861084,0,1
B39,mixamorig_RightHandIndex1,34,0.9944819808006287,0.006138000171631575,0.10472500324249268,0,-0.10490299761295319,0.06467100232839584,0.9923772811889648,0,-0.0006820000126026571,-0.9978880286216736,0.06495799869298935,0,2.5699000358581543,7.053800106048584,0.05090000107884407,1
B40,mixamorig_RightHandIndex2,39,0.9885860085487366,0.11258900165557861,0.10010728240013123,0,-0.1125200018286705,0.1099047139286995,0.9875530004501343,0,0.10018528252840042,-0.9875450134277344,0.12131872028112411,0,-0.001500000013038516,2.8162999153137207,0,1
B41,mixamorig_RightHandIndex3,40,0.9967849850654602,0.0748249962925911,0.028643283993005753,0,-0.074972003698349,0.7450119853019714,0.6628239750862122,0,0.028255999088287354,-0.6628410220146179,0.7482270002365112,0,0.0012000000569969416,2.6396000385284424,0,1
B42,mixamorig_RightHandIndex4,41,1,0,0,0,0,1,0,0,0,0,1,0,0.0003000000142492354,2.241499900817871,0,1
B43,mixamorig_RightHandMiddle1,34,0.9941509962081909,0.004100000020116568,0.10792399942874908,0,-0.10796300321817398,0.06465771794319153,0.9920499920845032,0,-0.0029100000392645597,-0.9978989958763123,0.06472200155258179,0,0.765500009059906,7.018199920654297,-0.09040000289678574,1
B44,mixamorig_RightHandMiddle2,43,0.9896950125694275,0.10699299722909927,0.09516099840402603,0,-0.1069599986076355,0.11057071387767792,0.9880959987640381,0,0.09519699960947037,-0.9880920052528381,0.12087571620941162,0,0.008500000461935997,3.3401999473571777,0,1
B45,mixamorig_RightHandMiddle3,44,0.9967089891433716,0.07614800333976746,0.027789000421762466,0,-0.07538799941539764,0.74481201171875,0.6630020141601562,0,0.029788000509142876,-0.6629149913787842,0.7481020092964172,0,-0.007899999618530273,3.0566999912261963,0,1
B46,mixamorig_RightHandMiddle4,45,1,0,0,0,0,1,0,0,0,0,1,0,-0.0006000000284984708,2.6394999027252197,0,1
B47,mixamorig_RightHandRing1,34,0.9945340156555176,0.005890000145882368,0.1042499989271164,0,-0.10441199690103531,0.0646739974617958,0.9924290180206299,0,-0.0008970000199042261,-0.99788898229599,0.06493571400642395,0,-0.892300009727478,6.911099910736084,-0.12160000205039978,1
B48,mixamorig_RightHandRing2,47,0.9885169863700867,0.11291900277137756,0.10041528195142746,0,-0.11285699903964996,0.10979271680116653,0.9875270128250122,0,0.10048600286245346,-0.9875199794769287,0.12127571552991867,0,-0.003000000026077032,2.9238998889923096,0,1
B49,mixamorig_RightHandRing3,48,0.9968349933624268,0.07418199628591537,0.028579000383615494,0,-0.07444799691438675,0.7450500130653381,0.6628410220146179,0,0.02787799946963787,-0.6628710031509399,0.7482150197029114,0,0.0026000000070780516,2.7179999351501465,0,1
B50,mixamorig_RightHandRing4,49,1,0,0,0,0,1,0,0,0,0,1,0,0.0003000000142492354,2.3796000480651855,0,1
B51,mixamorig_RightHandPinky1,34,0.9945279955863953,0.004449999891221523,0.10437999665737152,0,-0.10444871336221695,0.06467271596193314,0.9924250245094299,0,-0.002334283897653222,-0.9978970289230347,0.0647829994559288,0,-2.4430999755859375,6.45359992980957,0.12549999356269836,1
B52,mixamorig_RightHandPinky2,51,0.9890140295028687,0.1112532839179039,0.09733200073242188,0,-0.10959400236606598,0.11000571399927139,0.9878699779510498,0,0.09919700026512146,-0.9876850247383118,0.12098971754312515,0,-0.0026000000070780516,2.6278998851776123,0,1
B53,mixamorig_RightHandPinky3,52,0.996599018573761,0.07680100202560425,0.029851999133825302,0,-0.0772470012307167,0.7447310090065002,0.6628789901733398,0,0.02867799997329712,-0.6629310250282288,0.7481309771537781,0,-0.0019000000320374966,2.122499942779541,0,1
B54,mixamorig_RightHandPinky4,53,1,0,0,0,0,1,0,0,0,0,1,0,0.0044999998062849045,1.7920000553131104,0,1
B55,mixamorig_LeftUpLeg,0,-0.9596557021141052,-0.1926364153623581,0.2047247290611267,0,0.18611910939216614,-0.9810633063316345,-0.05033950135111809,0,0.21062934398651123,-0.010169262066483498,0.9773423075675964,0,7.557000160217285,-4.826300144195557,0.3005000054836273,1
B56,mixamorig_LeftLeg,55,0.9884495735168457,0.07333006709814072,0.13259361684322357,0,0.006316958460956812,0.8542139530181885,-0.5196645259857178,0,-0.15140904486179352,0.5145037174224854,0.8438836932182312,0,-0.12460000067949295,24.065799713134766,0.1046999990940094,1
B57,mixamorig_LeftFoot,56,0.9906217455863953,-0.13630707561969757,0.006241793278604746,0,0.02440708316862583,0.2224520444869995,0.9745372533798218,0,-0.1341608464717865,-0.9652879238128662,0.22367557883262634,0,-0.006000000052154064,33.0630989074707,0.0038999998942017555,1
B58,mixamorig_LeftToeBase,57,0.9998490214347839,0,0.0173530001193285,0,-0.009367000311613083,0.8417919874191284,0.5397202968597412,0,-0.01460800040513277,-0.5398020148277283,0.8416650295257568,0,-0.0052999998442828655,12.89330005645752,-0.515500009059906,1
B59,mixamorig_LeftToe_End,58,1,0,0,0,0,1,0,0,0,0,1,0,0.0142000000923872,6.42080020904541,0.007899999618530273,1
B60,mixamorig_RightUpLeg,0,-0.9902553558349609,0.07830280065536499,-0.1150345653295517,0,-0.07526109367609024,-0.9966398477554321,-0.03046037256717682,0,-0.11708621680736542,-0.021497609093785286,0.992844820022583,0,-7.557000160217285,-4.826300144195557,0.3005000054836273,1
B61,mixamorig_RightLeg,60,0.9997554421424866,0.01955443248152733,0.001833513262681663,0,-0.016685832291841507,0.9041292071342468,-0.4264061748981476,0,-0.010007054544985294,0.4262661039829254,0.9042364358901978,0,0.12479999661445618,24.070100784301758,-0.14489999413490295,1
B62,mixamorig_RightFoot,61,0.9948954582214355,0.10090520232915878,0.0007699083653278649,0,-0.03421660140156746,0.33016255497932434,0.9432389140129089,0,0.09493362158536911,-0.9384500980377197,0.3319303095340729,0,0.006000000052154064,33.0630989074707,0.0044999998062849045,1
B63,mixamorig_RightToeBase,62,0.9998559951782227,0,-0.016966000199317932,0,0.009282000362873077,0.8370659947395325,0.5470229983329773,0,0.014201000332832336,-0.5471019744873047,0.8369460105895996,0,0.005400000140070915,12.718299865722656,-0.5224000215530396,1
B64,mixamorig_RightToe_End,63,1,0,0,0,0,1,0,0,0,0,1,0,-0.0142000000923872,6.412099838256836,0.007899999618530273,1
@52,0,1,2,3,4,5,7,8,9,10,11,12,13,15,16,17,19,20,21,23,24,25,27,28,29,31,32,33,34,35,36,37,39,40,41,43,44,45,47,48,49,51,52,53,55,56,57,58,60,61,62,63
K0.000,0.9982500076293945,-0.05411599949002266,0.02382799983024597,0,0.05873800069093704,0.95387202501297,-0.2944119870662689,0,-0.0067969998344779015,0.2952960133552551,0.9553819894790649,0,-2.0352718830108643,66.7247085571289,-19.806297302246094,1,0.9994829893112183,-0.03182100132107735,0.004604999907314777,0,0.031961001455783844,0.9988999962806702,-0.03431300073862076,0,-0.003507999936118722,0.034442998468875885,0.9994009733200073,0,0,3.962399959564209,-0.2743000090122223,1,0.9990479946136475,-0.039813000708818436,0.01780799962580204,0,0.03954499959945679,0.9991030097007751,0.015135999768972397,0,-0.01839499920606613,-0.014417000114917755,0.9997270107269287,0,0,14.123299598693848,0.26440000534057617,1,0.9990479946136475,-0.03979700058698654,0.01787799969315529,0,0.03952899947762489,0.9991040229797363,0.015092000365257263,0,-0.01846200041472912,-0.014371000230312347,0.9997259974479675,0,0,11.404500007629395,0.10610000044107437,1,0.9987689852714539,0.04463199898600578,0.02162499912083149,0,-0.049525000154972076,0.9206429719924927,0.38725000619888306,0,-0.002624999964609742,-0.3878450095653534,0.9217209815979004,0,0,9.946700096130371,0,1,0.99965500831604,0.02450999990105629,0.009460000321269035,0,-0.024831000715494156,0.999064028263092,0.03541100025177002,0,-0.008582999929785728,-0.03563300147652626,0.9993280172348022,0,0,8.579099655151367,0.11420000344514847,1,0.46445000171661377,0.12916100025177002,-0.8761299848556519,0,0.8654189705848694,0.14379900693893433,0.4799709916114807,0,0.18797999620437622,-0.981141984462738,-0.04499100148677826,0,4.224100112915039,8.89840030670166,-0.05660000070929527,1,0.36002299189567566,0.8062670230865479,0.4693799912929535,0,-0.6063529849052429,0.5845839977264404,-0.5390710234642029,0,-0.7090269923210144,-0.09053199738264084,0.6993460059165955,0,0,8.861000061035156,0,1,0.924714982509613,0.3806380033493042,0.004031999967992306,0,-0.38064301013946533,0.9245280027389526,0.018939999863505363,0,0.0034809999633580446,-0.01904899999499321,0.9998120069503784,0,0,18.975200653076172,0,1,0.973770022392273,-0.1803400069475174,0.13874399662017822,0,0.2068610042333603,0.9556289911270142,-0.20971600711345673,0,-0.09476800262928009,0.232915997505188,0.9678679704666138,0,0,19.895999908447266,0,1,0.9635589718818665,0.13840200006961823,0.2289080023765564,0,-0.19011500477790833,0.9563189744949341,0.22205699980258942,0,-0.1881760060787201,-0.25748398900032043,0.9477829933166504,0,-2.088900089263916,2.1412999629974365,1.2094000577926636,1,0.8855519890785217,-0.37654900550842285,-0.27204400300979614,0,0.4364350140094757,0.8749920129776001,0.20955400168895721,0,0.15912899374961853,-0.304300993680954,0.9391909837722778,0,-0.329800009727478,2.5601000785827637,0,1,0.9829480051994324,-0.15818899869918823,-0.09375700354576111,0,0.1666489988565445,0.9818500280380249,0.09054499864578247,0,0.07773199677467346,-0.10462599992752075,0.9914690256118774,0,0.07689999788999557,2.7272000312805176,0,1,0.9968820214271545,0.012928999960422516,-0.07783500105142593,0,0.07163900136947632,0.2651039958000183,0.961555004119873,0,0.0330669991672039,-0.9641330242156982,0.2633509933948517,0,-2.5859999656677246,6.942299842834473,0.02969999983906746,1,0.9863309860229492,-0.10576599836349487,-0.12635000050067902,0,0.1059269979596138,-0.18036100268363953,0.9778800010681152,0,-0.12621499598026276,-0.9778969883918762,-0.16669200360774994,0,0.0010000000474974513,2.844899892807007,0,1,0.9959110021591187,-0.08183299750089645,-0.03826899826526642,0,0.08195900171995163,0.6402570009231567,0.7637760043144226,0,-0.03799999877810478,-0.7637889981269836,0.6443459987640381,0,-0.0013000000035390258,2.6654999256134033,0,1,0.9965090155601501,0.014283999800682068,-0.08225200325250626,0,0.07553000003099442,0.2654300034046173,0.9611669778823853,0,0.035562001168727875,-0.964024007320404,0.26342499256134033,0,-0.8149999976158142,6.827199935913086,-0.11010000109672546,1,0.9873570203781128,-0.09964299947023392,-0.12327899783849716,0,0.10394100099802017,-0.18019899725914001,0.9781230092048645,0,-0.11967799812555313,-0.9785699844360352,-0.1675640046596527,0,-0.011699999682605267,3.2567999362945557,0,1,0.9964240193367004,-0.07726500183343887,-0.03420199826359749,0,0.07590100169181824,0.6405860185623169,0.7641260027885437,0,-0.03713100031018257,-0.7639889717102051,0.6441599726676941,0,-0.000699999975040555,3.1779000759124756,0,1,0.9964900016784668,0.01952899992465973,-0.08139800280332565,0,0.07333700358867645,0.2651349902153015,0.9614179730415344,0,0.04035700112581253,-0.9640139937400818,0.26277199387550354,0,0.8988000154495239,6.77869987487793,-0.023000000044703484,1,0.9884189963340759,-0.09719199687242508,-0.11653999984264374,0,0.09770099818706512,-0.18005099892616272,0.9787930250167847,0,-0.11611399799585342,-0.9788439869880676,-0.16846999526023865,0,-0.004000000189989805,2.9579999446868896,0,1,0.9963809847831726,-0.07731900364160538,-0.03530599921941757,0,0.07676299661397934,0.6401870250701904,0.7643749713897705,0,-0.03649799898266792,-0.7643190026283264,0.6438050270080566,0,0.0024999999441206455,2.7569000720977783,0,1,0.9893890023231506,-0.004515000153332949,-0.14521799981594086,0,0.1409199982881546,0.2730660140514374,0.9516180157661438,0,0.035356998443603516,-0.9619849920272827,0.2708050012588501,0,2.50219988822937,6.3907999992370605,0.08749999850988388,1,0.9918130040168762,-0.03448199853301048,-0.12295500189065933,0,0.11483900249004364,-0.18025000393390656,0.9768940210342407,0,-0.05584799870848656,-0.9830160140991211,-0.17481499910354614,0,0.0031999999191612005,2.623699903488159,0,1,0.9954929947853088,-0.08552200347185135,-0.04097399860620499,0,0.08639399707317352,0.639723002910614,0.7637349963188171,0,-0.039103999733924866,-0.7638329863548279,0.644228994846344,0,0.0038999998942017555,2.1321001052856445,0,1,0.48659399151802063,-0.07615900039672852,0.8703020215034485,0,-0.861670970916748,-0.20609599351882935,0.4637329876422882,0,0.14404800534248352,-0.9755629897117615,-0.165910005569458,0,-4.224100112915039,8.897299766540527,-0.03020000085234642,1,0.737949013710022,-0.6011760234832764,-0.30662599205970764,0,0.24972200393676758,0.6653599739074707,-0.7035160064697266,0,0.6269540190696716,0.4425869882106781,0.6411280035972595,0,0,8.861000061035156,0,1,0.9587889909744263,-0.28411000967025757,-0.0023129999171942472,0,0.2841149866580963,0.9586970210075378,0.013383000157773495,0,-0.0015839999541640282,-0.013488000258803368,0.9999079704284668,0,0,18.973600387573242,0,1,0.37061598896980286,-0.3903670012950897,-0.8427680134773254,0,0.40016600489616394,0.8859599828720093,-0.23439599573612213,0,0.8381590247154236,-0.25037598609924316,0.4845629930496216,0,0,19.898300170898438,0,1,0.9056400060653687,-0.384209007024765,-0.17944000661373138,0,0.4240419864654541,0.8185459971427917,0.3875199854373932,0,-0.0020089999306946993,-0.42704299092292786,0.9042289853096008,0,2.062000036239624,2.147700071334839,1.2410000562667847,1,0.6165400147438049,0.6711580157279968,0.41161200404167175,0,-0.7668449878692627,0.6303660273551941,0.12078099697828293,0,-0.17840300500392914,-0.39010900259017944,0.9033200144767761,0,0.274399995803833,2.5659000873565674,0,1,0.9266260266304016,0.3424060046672821,0.1553110033273697,0,-0.36168399453163147,0.9246180057525635,0.11944100260734558,0,-0.10270600020885468,-0.1668509989976883,0.9806180000305176,0,-0.07670000195503235,2.7302000522613525,0,1,0.9944819808006287,0.006138000171631575,0.10472399741411209,0,-0.1049019992351532,0.06468000262975693,0.992376983165741,0,-0.0006830000202171504,-0.9978870153427124,0.06496699899435043,0,2.5699000358581543,7.053800106048584,0.05090000107884407,1,0.9885860085487366,0.11258900165557861,0.10010699927806854,0,-0.1125200018286705,0.10991200059652328,0.9875519871711731,0,0.10018499940633774,-0.9875440001487732,0.12132599949836731,0,-0.001500000013038516,2.8162999153137207,0,1,0.9967849850654602,0.0748249962925911,0.02864300087094307,0,-0.074972003698349,0.745015025138855,0.6628209948539734,0,0.028255999088287354,-0.6628379821777344,0.74822998046875,0,0.0012000000569969416,2.6396000385284424,0,1,0.9941509962081909,0.004100000020116568,0.1079230010509491,0,-0.1079619973897934,0.06466600298881531,0.9920499920845032,0,-0.002911000046879053,-0.9978989958763123,0.06473100185394287,0,0.765500009059906,7.018199920654297,-0.09040000289678574,1,0.9896960258483887,0.10699299722909927,0.09516000002622604,0,-0.1069599986076355,0.1105789989233017,0.9880949854850769,0,0.09519600123167038,-0.9880920052528381,0.12088300287723541,0,0.008500000461935997,3.3401999473571777,0,1,0.9967089891433716,0.07614699751138687,0.027789000421762466,0,-0.07538799941539764,0.74481600522995,0.6629980206489563,0,0.029788000509142876,-0.6629109978675842,0.748104989528656,0,-0.007899999618530273,3.0566999912261963,0,1,0.9945340156555176,0.005890000145882368,0.1042490005493164,0,-0.10441099852323532,0.06468299776315689,0.9924290180206299,0,-0.0008980000275187194,-0.99788898229599,0.06494399905204773,0,-0.892300009727478,6.911099910736084,-0.12160000205039978,1,0.9885169863700867,0.11291900277137756,0.10041499882936478,0,-0.11285699903964996,0.10980000346899033,0.987525999546051,0,0.10048499703407288,-0.9875190258026123,0.12128300219774246,0,-0.003000000026077032,2.9238998889923096,0,1,0.9968349933624268,0.07418099790811539,0.028578000143170357,0,-0.07444699853658676,0.7450529932975769,0.662837028503418,0,0.02787799946963787,-0.66286700963974,0.7482179999351501,0,0.0026000000070780516,2.7179999351501465,0,1,0.9945279955863953,0.004449000116437674,0.10437899827957153,0,-0.10444799810647964,0.06468100100755692,0.9924250245094299,0,-0.0023360000923275948,-0.9978960156440735,0.06479199975728989,0,-2.4430999755859375,6.45359992980957,0.12549999356269836,1,0.9890140295028687,0.11125300079584122,0.09733100235462189,0,-0.10959400236606598,0.11001300066709518,0.9878699779510498,0,0.09919600188732147,-0.9876840114593506,0.12099699676036835,0,-0.0026000000070780516,2.6278998851776123,0,1,0.996599018573761,0.07680100202560425,0.029851000756025314,0,-0.0772470012307167,0.744733989238739,0.6628760099411011,0,0.02867799997329712,-0.6629279851913452,0.7481340169906616,0,-0.0019000000320374966,2.122499942779541,0,1,-0.9488509893417358,-0.26325199007987976,0.1742980033159256,0,0.24426299333572388,-0.9618719816207886,-0.12303899973630905,0,0.2000429928302765,-0.07417099922895432,0.9769759774208069,0,7.557000160217285,-4.826300144195557,0.3005000054836273,1,0.9998329877853394,-0.0066019999794662,0.017016999423503876,0,0.014688000082969666,0.8445180058479309,-0.5353249907493591,0,-0.010836999863386154,0.5354859828948975,0.8444749712944031,0,-0.12460000067949295,24.065799713134766,0.1046999990940094,1,0.9904639720916748,-0.13646799325942993,-0.01888200081884861,0,0.04933600127696991,0.22338399291038513,0.9734809994697571,0,-0.12863099575042725,-0.9651299715042114,0.22798700630664825,0,-0.006000000052154064,33.0630989074707,0.0038999998942017555,1,0.9998490214347839,0,0.0173530001193285,0,-0.009367000311613083,0.8417680263519287,0.5397589802742004,0,-0.01460800040513277,-0.5398399829864502,0.8416410088539124,0,-0.0052999998442828655,12.89330005645752,-0.515500009059906,1,-0.9900889992713928,0.06029399856925011,-0.1268409937620163,0,-0.04398500174283981,-0.9908419847488403,-0.12766100466251373,0,-0.13337600231170654,-0.12081699818372726,0.9836739897727966,0,-7.557000160217285,-4.826300144195557,0.3005000054836273,1,0.9966859817504883,-0.030253000557422638,-0.07550399750471115,0,-0.011195000261068344,0.8684049844741821,-0.495728999376297,0,0.08056499809026718,0.49493101239204407,0.8651890158653259,0,0.12479999661445618,24.070100784301758,-0.14489999413490295,1,0.9959390163421631,0.0900219976902008,0.0010160000529140234,0,-0.024132000282406807,0.256071001291275,0.9663569927215576,0,0.08673399686813354,-0.962457001209259,0.25720399618148804,0,0.006000000052154064,33.0630989074707,0.0044999998062849045,1,0.9998559951782227,0,-0.016966000199317932,0,0.009282000362873077,0.8370659947395325,0.5470240116119385,0,0.014201000332832336,-0.5471019744873047,0.8369449973106384,0,0.005400000140070915,12.718299865722656,-0.5224000215530396,1
K0.033,0.9985569715499878,-0.05107498914003372,0.016615943983197212,0,0.05369797348976135,0.9559590816497803,-0.2885458469390869,0,-0.001146956579759717,0.2890218496322632,0.9573220610618591,0,-1.8194977045059204,66.84647369384766,-19.911760330200195,1,0.9995319843292236,-0.030421001836657524,0.003368975827470422,0,0.030525002628564835,0.9988390207290649,-0.03726502135396004,0,-0.002230975078418851,0.03735102340579033,0.9993000030517578,0,0,3.962399959564209,-0.2743000090122223,1,0.9992129802703857,-0.03662499040365219,0.015210951678454876,0,0.03649098798632622,0.9992930293083191,0.00902395136654377,0,-0.015530949458479881,-0.008460953831672668,0.9998440146446228,0,0,14.123299598693848,0.26440000534057617,1,0.9992129802703857,-0.03661198914051056,0.015255951322615147,0,0.036477990448474884,0.9992939829826355,0.008985951542854309,0,-0.015573949553072453,-0.008422953076660633,0.9998430013656616,0,0,11.404500007629395,0.10610000044107437,1,0.9993900060653687,0.030304938554763794,0.017338000237941742,0,-0.034607939422130585,0.9254201054573059,0.3773597180843353,0,-0.004609032534062862,-0.37772974371910095,0.9259040951728821,0,0,9.946700096130371,0,1,0.9994580149650574,0.019464951008558273,0.02653614617884159,0,-0.01763688027858734,0.9975658059120178,-0.06745939701795578,0,-0.027785154059529305,0.06695540249347687,0.9973688125610352,0,0,8.579099655151367,0.11420000344514847,1,0.4409506916999817,0.11695382744073868,-0.8898791670799255,0,0.8818411827087402,0.12812568247318268,0.45380666851997375,0,0.16709062457084656,-0.98483806848526,-0.04663703590631485,0,4.224100112915039,8.89840030670166,-0.05660000070929527,1,0.3613022267818451,0.8036128878593445,0.4729357063770294,0,-0.5762661695480347,0.5911790132522583,-0.5642908215522766,0,-0.7330611944198608,-0.06865701079368591,0.6766886711120605,0,0,8.861000061035156,0,1,0.8781276941299438,0.4783828854560852,0.006351066753268242,0,-0.4783898890018463,0.8778246641159058,0.023804092779755592,0,0.005813066381961107,-0.023941095918416977,0.9996960163116455,0,0,18.975200653076172,0,1,0.9656949043273926,-0.21693965792655945,0.14272375404834747,0,0.2564684748649597,0.8829364776611328,-0.3932517170906067,0,-0.040704257786273956,0.4163656234741211,0.9082856774330139,0,0,19.895999908447266,0,1,0.9635589718818665,0.13840599358081818,0.22890399396419525,0,-0.19011899828910828,0.9563189744949341,0.2220579981803894,0,-0.18817099928855896,-0.2574850022792816,0.9477829933166504,0,-2.088900089263916,2.1412999629974365,1.2094000577926636,1,0.8855550289154053,-0.3765459954738617,-0.2720400094985962,0,0.4364300072193146,0.8749949932098389,0.20955300331115723,0,0.15912699699401855,-0.30429700016975403,0.939191997051239,0,-0.329800009727478,2.5601000785827637,0,1,0.9829480051994324,-0.15818600356578827,-0.0937580019235611,0,0.16664600372314453,0.9818509817123413,0.09054400026798248,0,0.07773400098085403,-0.10462500154972076,0.9914690256118774,0,0.07689999788999557,2.7272000312805176,0,1,0.996882975101471,0.012930000200867653,-0.07783299684524536,0,0.07163599878549576,0.2651189863681793,0.9615510106086731,0,0.03306800127029419,-0.9641289710998535,0.2633669972419739,0,-2.5859999656677246,6.942299842834473,0.02969999983906746,1,0.9863319993019104,-0.10576699674129486,-0.12634700536727905,0,0.1059269979596138,-0.1803389936685562,0.9778839945793152,0,-0.12621299922466278,-0.9779009819030762,-0.1666709929704666,0,0.0010000000474974513,2.844899892807007,0,1,0.9959110021591187,-0.08183299750089645,-0.03826799988746643,0,0.08195800334215164,0.6402649879455566,0.7637689709663391,0,-0.03799999877810478,-0.7637820243835449,0.644353985786438,0,-0.0013000000035390258,2.6654999256134033,0,1,0.9965090155601501,0.014285000041127205,-0.08224999904632568,0,0.07552800327539444,0.2654460072517395,0.9611629843711853,0,0.03556299954652786,-0.9640200138092041,0.26344001293182373,0,-0.8149999976158142,6.827199935913086,-0.11010000109672546,1,0.9873570203781128,-0.09964299947023392,-0.12327700108289719,0,0.10394100099802017,-0.1801770031452179,0.9781270027160645,0,-0.11967600136995316,-0.9785739779472351,-0.1675419956445694,0,-0.011699999682605267,3.2567999362945557,0,1,0.9964240193367004,-0.07726500183343887,-0.0342009998857975,0,0.07590100169181824,0.640595018863678,0.764119029045105,0,-0.037129998207092285,-0.7639819979667664,0.6441680192947388,0,-0.000699999975040555,3.1779000759124756,0,1,0.9964900016784668,0.019530000165104866,-0.08139599859714508,0,0.07333400100469589,0.2651509940624237,0.9614139795303345,0,0.040359001606702805,-0.9640089869499207,0.26278799772262573,0,0.8988000154495239,6.77869987487793,-0.023000000044703484,1,0.9884189963340759,-0.09719199687242508,-0.11653800308704376,0,0.09770099818706512,-0.1800290048122406,0.9787970185279846,0,-0.11611200124025345,-0.9788479804992676,-0.16844899952411652,0,-0.004000000189989805,2.9579999446868896,0,1,0.9963809847831726,-0.07731799781322479,-0.035305000841617584,0,0.07676299661397934,0.6401950120925903,0.7643679976463318,0,-0.03649799898266792,-0.7643120288848877,0.6438130140304565,0,0.0024999999441206455,2.7569000720977783,0,1,0.9893900156021118,-0.004515999928116798,-0.1452150046825409,0,0.14091700315475464,0.2730810046195984,0.9516140222549438,0,0.0353580005466938,-0.9619799852371216,0.2708199918270111,0,2.50219988822937,6.3907999992370605,0.08749999850988388,1,0.9918130040168762,-0.03448300063610077,-0.12295199930667877,0,0.11483699828386307,-0.18022799491882324,0.9768980145454407,0,-0.05584599822759628,-0.983020007610321,-0.17479300498962402,0,0.0031999999191612005,2.623699903488159,0,1,0.9954929947853088,-0.08552200347185135,-0.040973000228405,0,0.08639299869537354,0.6397309899330139,0.7637280225753784,0,-0.039103999733924866,-0.7638260126113892,0.6442369818687439,0,0.0038999998942017555,2.1321001052856445,0,1,0.46322137117385864,-0.06965887546539307,0.8835012912750244,0,-0.8680712580680847,-0.23650425672531128,0.43648436665534973,0,0.17854638397693634,-0.9691299200057983,-0.17002184689044952,0,-4.224100112915039,8.897299766540527,-0.03020000085234642,1,0.7146010994911194,-0.5027392506599426,-0.4864136278629303,0,0.16123154759407043,0.7949900031089783,-0.5848029851913452,0,0.6806976795196533,0.3394755721092224,0.6491580605506897,0,0,8.861000061035156,0,1,0.8425760269165039,-0.5385212898254395,-0.0077870930545032024,0,0.5385302901268005,0.8422240614891052,0.025366107001900673,0,-0.007102094125002623,-0.025566108524799347,0.9996479749679565,0,0,18.973600387573242,0,1,0.5876414775848389,-0.3351152837276459,-0.7364608645439148,0,0.2992191016674042,0.9356783032417297,-0.1870117485523224,0,0.7517618536949158,-0.11046798527240753,0.6501162052154541,0,0,19.898300170898438,0,1,0.9056400060653687,-0.384211003780365,-0.17943699657917023,0,0.4240419864654541,0.8185459971427917,0.3875190019607544,0,-0.0020119999535381794,-0.42704200744628906,0.904229998588562,0,2.062000036239624,2.147700071334839,1.2410000562667847,1,0.6165480017662048,0.6711540222167969,0.4116060137748718,0,-0.7668390274047852,0.6303719878196716,0.12078599631786346,0,-0.178398996591568,-0.3901059925556183,0.9033219814300537,0,0.274399995803833,2.5659000873565674,0,1,0.9266279935836792,0.34240201115608215,0.15530799329280853,0,-0.36167898774147034,0.9246199727058411,0.119439996778965,0,-0.10270500183105469,-0.16684800386428833,0.9806190133094788,0,-0.07670000195503235,2.7302000522613525,0,1,0.9944829940795898,0.006138000171631575,0.10472200065851212,0,-0.10489899665117264,0.06469900161027908,0.9923760294914246,0,-0.0006849999772384763,-0.9978860020637512,0.06498599797487259,0,2.5699000358581543,7.053800106048584,0.05090000107884407,1,0.9885860085487366,0.11258900165557861,0.10010399669408798,0,-0.11251900345087051,0.10993000119924545,0.9875500202178955,0,0.10018300265073776,-0.9875419735908508,0.12134400010108948,0,-0.001500000013038516,2.8162999153137207,0,1,0.9967849850654602,0.07482399791479111,0.02864300087094307,0,-0.07497099786996841,0.7450209856033325,0.6628140211105347,0,0.028255000710487366,-0.6628310084342957,0.7482360005378723,0,0.0012000000569969416,2.6396000385284424,0,1,0.9941509962081909,0.004100000020116568,0.10792099684476852,0,-0.10795900225639343,0.06468600034713745,0.992048978805542,0,-0.00291300006210804,-0.9978970289230347,0.06475000083446503,0,0.765500009059906,7.018199920654297,-0.09040000289678574,1,0.9896960258483887,0.10699299722909927,0.09515800327062607,0,-0.1069599986076355,0.11059699952602386,0.9880930185317993,0,0.09519500285387039,-0.9880899786949158,0.12090100347995758,0,0.008500000461935997,3.3401999473571777,0,1,0.9967089891433716,0.07614699751138687,0.02778800018131733,0,-0.07538700103759766,0.7448210120201111,0.662992000579834,0,0.02978700026869774,-0.6629049777984619,0.7481110095977783,0,-0.007899999618530273,3.0566999912261963,0,1,0.9945340156555176,0.005890000145882368,0.10424699634313583,0,-0.10440900176763535,0.06470199674367905,0.9924280047416687,0,-0.0008999999845400453,-0.9978870153427124,0.06496299803256989,0,-0.892300009727478,6.911099910736084,-0.12160000205039978,1,0.9885169863700867,0.11291900277137756,0.1004130020737648,0,-0.11285600066184998,0.1098179966211319,0.9875239729881287,0,0.1004830002784729,-0.9875169992446899,0.12130100280046463,0,-0.003000000026077032,2.9238998889923096,0,1,0.9968349933624268,0.07418099790811539,0.02857699990272522,0,-0.07444600015878677,0.7450590133666992,0.6628310084342957,0,0.027876999229192734,-0.6628609895706177,0.7482240200042725,0,0.0026000000070780516,2.7179999351501465,0,1,0.9945279955863953,0.004449000116437674,0.10437700152397156,0,-0.10444500297307968,0.06469999998807907,0.9924240112304688,0,-0.002337000099942088,-0.9978950023651123,0.06481099873781204,0,-2.4430999755859375,6.45359992980957,0.12549999356269836,1,0.9890149831771851,0.11125300079584122,0.09732899814844131,0,-0.1095929965376854,0.11003199964761734,0.9878680109977722,0,0.0991939976811409,-0.9876819849014282,0.12101499736309052,0,-0.0026000000070780516,2.6278998851776123,0,1,0.9965999722480774,0.07680000364780426,0.029851000756025314,0,-0.07724600285291672,0.7447400093078613,0.6628689765930176,0,0.028676999732851982,-0.6629210114479065,0.7481399774551392,0,-0.0019000000320374966,2.122499942779541,0,1,-0.9528910517692566,-0.2516048848628998,0.1693909764289856,0,0.2338579297065735,-0.9650890827178955,-0.11795483529567719,0,0.1931559294462204,-0.07278486341238022,0.9784650206565857,0,7.557000160217285,-4.826300144195557,0.3005000054836273,1,0.9998109936714172,-0.0056949807330966,0.01860002987086773,0,0.014638998545706272,0.849975049495697,-0.5266189575195312,0,-0.01281103678047657,0.5267919301986694,0.8498980402946472,0,-0.12460000067949295,24.065799713134766,0.1046999990940094,1,0.9911389946937561,-0.13166195154190063,-0.01754898577928543,0,0.04774397984147072,0.22985105216503143,0.9720540046691895,0,-0.12394795566797256,-0.9642789959907532,0.2341010570526123,0,-0.006000000052154064,33.0630989074707,0.0038999998942017555,1,0.9998490214347839,0,0.0173530001193285,0,-0.009367000311613083,0.8417609930038452,0.5397700071334839,0,-0.01460800040513277,-0.5398510098457336,0.8416339755058289,0,-0.0052999998442828655,12.89330005645752,-0.515500009059906,1,-0.9897649884223938,0.06472001224756241,-0.1271900087594986,0,-0.048517029732465744,-0.9907680153846741,-0.12659189105033875,0,-0.1342090219259262,-0.1191248893737793,0.9837669730186462,0,-7.557000160217285,-4.826300144195557,0.3005000054836273,1,0.9956079721450806,-0.035927046090364456,-0.08645709604024887,0,-0.010577995330095291,0.874362051486969,-0.48515790700912476,0,0.0930251032114029,0.4839418828487396,0.8701420426368713,0,0.12479999661445618,24.070100784301758,-0.14489999413490295,1,0.995389997959137,0.09589605033397675,0.0015539949527010322,0,-0.02693001925945282,0.2639050781726837,0.9641730189323425,0,0.09205004572868347,-0.9597699642181396,0.2652710974216461,0,0.006000000052154064,33.0630989074707,0.0044999998062849045,1,0.9998559951782227,0,-0.016964999958872795,0,0.009282000362873077,0.8370659947395325,0.5470229983329773,0,0.014201000332832336,-0.5471019744873047,0.8369449973106384,0,0.005400000140070915,12.718299865722656,-0.5224000215530396,1
