4.733,30,141,65
B0,mixamorig_Hips,-1,0.999775230884552,0.00021335088240448385,0.021136466413736343,0,0.000978131894953549,0.9984130859375,-0.05630702152848244,0,-0.021115172654390335,0.05631586164236069,0.9981885552406311,0,0.10343468189239502,69.72750091552734,0.7015060186386108,1
B1,mixamorig_Spine,0,0.9998201131820679,-0.016735779121518135,0.008906267583370209,0,0.017021052539348602,0.9993104934692383,-0.0330054946243763,0,-0.008347909897565842,0.03315163031220436,0.9994155168533325,0,0,3.962399959564209,-0.2743000090122223,1
B2,mixamorig_Spine1,1,0.9993745684623718,-0.031219657510519028,0.016584672033786774,0,0.03093961998820305,0.999378502368927,0.016894886270165443,0,-0.01710256189107895,-0.016370847821235657,0.9997199773788452,0,0,14.123299598693848,0.26440000534057617,1
B3,mixamorig_Spine2,2,0.9993744492530823,-0.03121865727007389,0.016594670712947845,0,0.03093861974775791,0.999378502368927,0.016887886449694633,0,-0.017110684886574745,-0.016363848000764847,0.9997199773788452,0,0,11.404500007629395,0.10610000044107437,1
B4,mixamorig_Neck,3,0.9978477358818054,0.0645582303404808,0.011490383185446262,0,-0.0653635561466217,0.9932608604431152,0.09571082890033722,0,-0.0052343495190143585,-0.09625563770532608,0.9953431487083435,0,0,9.946700096130371,0,1
B5,mixamorig_Head,4,0.9977708458900452,0.05676867067813873,-0.0350891649723053,0,-0.05618365854024887,0.9982677698135376,0.017449375241994858,0,0.036018602550029755,-0.015438881702721119,0.9992314577102661,0,0,8.579099655151367,0.11420000344514847,1
B6,mixamorig_HeadTop_End,5,1,0,0,0,0,1,0,0,0,0,1,0,0,25.089099884033203,0.33390000462532043,1
B7,mixamorig_LeftShoulder,3,0.03755359724164009,0.02365812659263611,-0.9990146160125732,0,0.8991374969482422,-0.4370378255844116,0.023450106382369995,0,-0.436052531003952,-0.899131715297699,-0.03768424317240715,0,4.224100112915039,8.89840030670166,-0.05660000070929527,1
B8,mixamorig_LeftArm,7,0.7397953867912292,0.5503997802734375,-0.3869880437850952,0,-0.03980449587106705,0.6099608540534973,0.791431188583374,0,0.6716510057449341,-0.5700937509536743,0.4731549918651581,0,0,8.861000061035156,0,1
B9,mixamorig_LeftForeArm,8,0.9732398390769958,0.22978632152080536,0.0016178638907149434,0,-0.22978931665420532,0.9731728434562683,0.011434579268097878,0,0.001052863895893097,-0.01149970293045044,0.9999330043792725,0,0,18.975200653076172,0,1
B10,mixamorig_LeftHand,9,0.9223865270614624,-0.16556265950202942,0.348969042301178,0,0.20637786388397217,0.9749415516853333,-0.08295781910419464,0,-0.32648706436157227,0.1485341340303421,0.9334535002708435,0,0,19.895999908447266,0,1
B11,mixamorig_LeftHandThumb1,10,0.9378049969673157,0.3354940116405487,-0.08924999833106995,0,-0.3067589998245239,0.9211779832839966,0.23943699896335602,0,0.16254499554634094,-0.19716699421405792,0.9668009877204895,0,-2.088900089263916,2.1412999629974365,1.2094000577926636,1
B12,mixamorig_LeftHandThumb2,11,0.9528549909591675,-0.252936989068985,0.16759899258613586,0,0.245168998837471,0.9672399759292603,0.06587400287389755,0,-0.17877012491226196,-0.021678000688552856,0.9836519956588745,0,-0.329800009727478,2.5601000785827637,0,1
B13,mixamorig_LeftHandThumb3,12,0.9999799728393555,0.0009820000268518925,-0.006206999998539686,0,-0.0014860000228509307,0.9966570138931274,-0.08168099820613861,0,0.006105999927967787,0.08168900012969971,0.9966390132904053,0,0.07689999788999557,2.7272000312805176,0,1
B14,mixamorig_LeftHandThumb4,13,1,0,0,0,0,1,0,0,0,0,1,0,0.25290000438690186,2.237600088119507,0,1
B15,mixamorig_LeftHandIndex1,10,0.9965270161628723,0.0831649973988533,-0.004143000114709139,0,-0.07757499814033508,0.9453240036964417,0.316772997379303,0,0.030261000618338585,-0.31535112857818604,0.9484919905662537,0,-2.5859999656677246,6.942299842834473,0.02969999983906746,1
B16,mixamorig_LeftHandIndex2,15,0.9993100166320801,-0.036614999175071716,-0.006279999855905771,0,0.03662300109863281,0.9426180124282837,0.3318580090999603,0,-0.00623187655583024,-0.3318589925765991,0.9433079957962036,0,0.0010000000474974513,2.844899892807007,0,1
B17,mixamorig_LeftHandIndex3,16,0.9995260238647461,-0.030455999076366425,-0.004530999809503555,0,0.030470000579953194,0.9571570158004761,0.2879619896411896,0,-0.00443299999460578,-0.28796398639678955,0.95763099193573,0,-0.0013000000035390258,2.6654999256134033,0,1
B18,mixamorig_LeftHandIndex4,17,1,0,0,0,0,1,0,0,0,0,1,0,0.0003000000142492354,2.2973999977111816,0,1
B19,mixamorig_LeftHandMiddle1,10,0.9977740049362183,0.06500600278377533,-0.014852999709546566,0,-0.050742000341415405,0.8847129940986633,0.4633651077747345,0,0.04326200112700462,-0.4615809917449951,0.8860430121421814,0,-0.8149999976158142,6.827199935913086,-0.11010000109672546,1
B20,mixamorig_LeftHandMiddle2,19,0.9988099932670593,-0.04705899953842163,-0.01279900036752224,0,0.04744800180196762,0.8770400285720825,0.478069007396698,0,-0.011272000148892403,-0.4781070053577423,0.878229022026062,0,-0.011699999682605267,3.2567999362945557,0,1
B21,mixamorig_LeftHandMiddle3,20,0.9990940093994141,-0.04163200035691261,-0.008825999684631824,0,0.04130300134420395,0.8985959887504578,0.43682900071144104,0,-0.010254999622702599,-0.4367971122264862,0.8995010256767273,0,-0.000699999975040555,3.1779000759124756,0,1
B22,mixamorig_LeftHandMiddle4,21,1,0,0,0,0,1,0,0,0,0,1,0,0.012400000356137753,2.6951000690460205,0,1
B23,mixamorig_LeftHandRing1,10,0.9980909824371338,0.055560000240802765,-0.02698099985718727,0,-0.028271999210119247,0.7993509769439697,0.6001989841461182,0,0.05491499975323677,-0.5982908606529236,0.7993950247764587,0,0.8988000154495239,6.77869987487793,-0.023000000044703484,1
B24,mixamorig_LeftHandRing2,23,0.9980109930038452,-0.059578001499176025,-0.02058199979364872,0,0.05966399982571602,0.7875760197639465,0.6133229732513428,0,-0.02033100090920925,-0.6133310198783875,0.7895640134811401,0,-0.004000000189989805,2.9579999446868896,0,1
B25,mixamorig_LeftHandRing3,24,0.9981369972229004,-0.05830100178718567,-0.018011000007390976,0,0.058014001697301865,0.8152098655700684,0.5762529969215393,0,-0.01891300082206726,-0.5762240290641785,0.8170729875564575,0,0.0024999999441206455,2.7569000720977783,0,1
B26,mixamorig_LeftHandRing4,25,1,0,0,0,0,1,0,0,0,0,1,0,0.001500000013038516,2.3345999717712402,0,1
B27,mixamorig_LeftHandPinky1,10,0.9969009757041931,-0.007348999846726656,-0.07832412421703339,0,0.05925099924206734,0.7250840067863464,0.6861069798469543,0,0.051750000566244125,-0.6886209845542908,0.7232720255851746,0,2.50219988822937,6.3907999992370605,0.08749999850988388,1
B28,mixamorig_LeftHandPinky2,27,0.999534010887146,-0.004135999828577042,-0.030253000557422638,0,0.024468999356031418,0.7011821269989014,0.7125620245933533,0,0.018265999853610992,-0.7129700183868408,0.7009570002555847,0,0.0031999999191612005,2.623699903488159,0,1
B29,mixamorig_LeftHandPinky3,28,0.9966139793395996,-0.07631900161504745,-0.03060300089418888,0,0.0769760012626648,0.735090970993042,0.673583984375,0,-0.02891100011765957,-0.6736590266227722,0.7384769916534424,0,0.0038999998942017555,2.1321001052856445,0,1
B30,mixamorig_LeftHandPinky4,29,1,0,0,0,0,1,0,0,0,0,1,0,-0.0071000000461936,1.7932000160217285,0,1
B31,mixamorig_RightShoulder,3,-0.10700860619544983,-0.009869913570582867,0.9942094683647156,0,-0.8967569470405579,-0.43089139461517334,-0.10079702734947205,0,0.429390549659729,-0.902350127696991,0.03725806996226311,0,-4.224100112915039,8.897299766540527,-0.03020000085234642,1
B32,mixamorig_RightArm,31,0.5723878741264343,-0.4507846534252167,-0.6830458045005798,0,0.7487818598747253,0.6267157196998596,0.2138158231973648,0,0.3328944742679596,-0.6336130499839783,0.6970908045768738,0,0,8.861000061035156,0,1
B33,mixamorig_RightForeArm,32,-0.08223911374807358,-0.9946903586387634,-0.051348455250263214,0,0.9947083592414856,-0.08465974032878876,0.04685422405600548,0,-0.05100814625620842,-0.04722285270690918,0.9975793957710266,0,0,18.973600387573242,0,1
B34,mixamorig_RightHand,33,0.9282974004745483,-0.15544289350509644,0.33629024028778076,0,0.232049822807312,0.9514858722686768,-0.20036448538303375,0,-0.28874528408050537,0.2646408975124359,0.9198771715164185,0,0,19.898300170898438,0,1
B35,mixamorig_RightHandThumb1,34,0.9198091626167297,-0.38006895780563354,0.0974581241607666,0,0.35037586092948914,0.9074292778968811,0.23196625709533691,0,-0.17659960687160492,-0.1792178750038147,0.9678289890289307,0,2.062000036239624,2.147700071334839,1.2410000562667847,1
B36,mixamorig_RightHandThumb2,35,0.9777242541313171,0.20663587749004364,-0.0368415042757988,0,-0.20842775702476501,0.9765332341194153,-0.05422699823975563,0,0.02477162890136242,0.06069700047373772,0.9978489875793457,0,0.274399995803833,2.5659000873565674,0,1
B37,mixamorig_RightHandThumb3,36,0.9995869994163513,0.02732250653207302,-0.008860752917826176,0,-0.027992505580186844,0.9957960247993469,-0.08721412718296051,0,0.0064407531172037125,0.08742699772119522,0.996150016784668,0,-0.07670000195503235,2.7302000522613525,0,1
B38,mixamorig_RightHandThumb4,37,1,0,0,0,0,1,0,0,0,0,1,0,-0.19769999384880066,2.24429988861084,0,1
B39,mixamorig_RightHandIndex1,34,0.9960910081863403,-0.08833099901676178,0.00076299998909235,0,0.0869159996509552,0.9816039800643921,0.16999900341033936,0,-0.015765123069286346,-0.16926811635494232,0.9854440093040466,0,2.5699000358581543,7.053800106048584,0.05090000107884407,1
B40,mixamorig_RightHandIndex2,39,0.999763011932373,0.021687999367713928,0.0019890000112354755,0,-0.021686123684048653,0.9829509854316711,0.18258288502693176,0,0.002004999900236726,-0.18258200585842133,0.9831889867782593,0,-0.001500000013038516,2.8162999153137207,0,1
B41,mixamorig_RightHandIndex3,40,0.9999489784240723,0.01007699966430664,0.0004888765979558229,0,-0.010080000385642052,0.9957370162010193,0.09168300032615662,0,0.0004371234099380672,-0.09168300032615662,0.9957879781723022,0,0.0012000000569969416,2.6396000385284424,0,1
B42,mixamorig_RightHandIndex4,41,1,0,0,0,0,1,0,0,0,0,1,0,0.0003000000142492354,2.241499900817871,0,1
B43,mixamorig_RightHandMiddle1,34,0.9963160157203674,-0.0856890007853508,0.003495000069960952,0,0.08385100215673447,0.981872022151947,0.16999012231826782,0,-0.017998000606894493,-0.1690710037946701,0.9854398965835571,0,0.765500009059906,7.018199920654297,-0.09040000289678574,1
B44,mixamorig_RightHandMiddle2,43,0.9998829960823059,0.015213999897241592,0.00139999995008111,0,-0.01521312352269888,0.9830629825592041,0.18263399600982666,0,0.0014028765726834536,-0.18263399600982666,0.9831799864768982,0,0.008500000461935997,3.3401999473571777,0,1
B45,mixamorig_RightHandMiddle3,44,0.9999210238456726,0.012558000162243843,0.000371000001905486,0,-0.012539000250399113,0.9957069754600525,0.09170600026845932,0,0.0007821234175935388,-0.09170312434434891,0.9957860112190247,0,-0.007899999618530273,3.0566999912261963,0,1
B46,mixamorig_RightHandMiddle4,45,1,0,0,0,0,1,0,0,0,0,1,0,-0.0006000000284984708,2.6394999027252197,0,1
B47,mixamorig_RightHandRing1,34,0.9960439801216125,-0.08885200321674347,0.0008919999818317592,0,0.08740799874067307,0.9815599918365479,0.17000000178813934,0,-0.015980999916791916,-0.16924899816513062,0.9854440093040466,0,-0.892300009727478,6.911099910736084,-0.12160000205039978,1
B48,mixamorig_RightHandRing2,47,0.9997419714927673,0.022634999826550484,0.0020759999752044678,0,-0.022633999586105347,0.982928991317749,0.18258599936962128,0,0.0020920000970363617,-0.18258599936962128,0.9831879734992981,0,-0.003000000026077032,2.9238998889923096,0,1
B49,mixamorig_RightHandRing3,48,0.9999539852142334,0.009549000300467014,0.00047887658001855016,0,-0.009552876465022564,0.9957420229911804,0.09168499708175659,0,0.00039900001138448715,-0.09168512374162674,0.9957879781723022,0,0.0026000000070780516,2.7179999351501465,0,1
B50,mixamorig_RightHandRing4,49,1,0,0,0,0,1,0,0,0,0,1,0,0.0003000000142492354,2.3796000480651855,0,1
B51,mixamorig_RightHandPinky1,34,0.9960231184959412,-0.08906099945306778,0.0023240000009536743,0,0.08737099915742874,0.9815629720687866,0.17000100016593933,0,-0.017420999705791473,-0.16912199556827545,0.9854410290718079,0,-2.4430999755859375,6.45359992980957,0.12549999356269836,1
B52,mixamorig_RightHandPinky2,51,0.9997879862785339,0.020515000447630882,0.001711999997496605,0,-0.020481999963521957,0.9829699993133545,0.18261900544166565,0,0.0020630001090466976,-0.1826159954071045,0.9831820130348206,0,-0.0026000000070780516,2.6278998851776123,0,1
B53,mixamorig_RightHandPinky3,52,0.9999070167541504,0.013636123389005661,0.0007600000244565308,0,-0.013648999854922295,0.995693027973175,0.09169799834489822,0,0.0004939999780617654,-0.0917000025510788,0.9957870244979858,0,-0.0019000000320374966,2.122499942779541,0,1
B54,mixamorig_RightHandPinky4,53,1,0,0,0,0,1,0,0,0,0,1,0,0.0044999998062849045,1.7920000553131104,0,1
B55,mixamorig_LeftUpLeg,0,-0.9968671798706055,-0.019709527492523193,0.07659303396940231,0,0.01770903915166855,-0.9994860887527466,-0.026706570759415627,0,0.07708007097244263,-0.02526560239493847,0.9967048764228821,0,7.557000160217285,-4.826300144195557,0.3005000054836273,1
B56,mixamorig_LeftLeg,55,0.9973738789558411,-0.020297031849622726,-0.06951414793729782,0,0.014154821634292603,0.996042013168335,-0.08774587512016296,0,0.07102031260728836,0.08653110265731812,0.9937135577201843,0,-0.12460000067949295,24.065799713134766,0.1046999990940094,1
B57,mixamorig_LeftFoot,56,0.9999611377716064,0.0059912437573075294,0.006412331946194172,0,-0.008553843945264816,0.5017977356910706,0.8649424314498901,0,0.0019639853853732347,-0.864963710308075,0.5018298625946045,0,-0.006000000052154064,33.0630989074707,0.0038999998942017555,1
B58,mixamorig_LeftToeBase,57,0.9998480081558228,-0.0001546297426102683,0.01741275191307068,0,-0.009399999864399433,0.8369311690330505,0.5472274422645569,0,-0.014657876454293728,-0.5473083257675171,0.8368030786514282,0,-0.0052999998442828655,12.89330005645752,-0.515500009059906,1
B59,mixamorig_LeftToe_End,58,1,0,0,0,0,1,0,0,0,0,1,0,0.0142000000923872,6.42080020904541,0.007899999618530273,1
B60,mixamorig_RightUpLeg,0,-0.9928256869316101,0.022222336381673813,-0.1174844428896904,0,-0.022095205262303352,-0.9997525811195374,-0.002391236601397395,0,-0.11750832945108414,0.00022228885791264474,0.9930710792541504,0,-7.557000160217285,-4.826300144195557,0.3005000054836273,1
B61,mixamorig_RightLeg,60,0.9972209334373474,0.006210594903677702,0.07424242794513702,0,0.003019963391125202,0.9923280477523804,-0.12358590215444565,0,-0.07444040477275848,0.12346667051315308,0.9895521402359009,0,0.12479999661445618,24.070100784301758,-0.14489999413490295,1
B62,mixamorig_RightFoot,61,0.9997583031654358,0.02079244889318943,-0.007073098327964544,0,-0.004204088356345892,0.4972730576992035,0.8675835132598877,0,0.021556833758950233,-0.867344856262207,0.4972410500049591,0,0.006000000052154064,33.0630989074707,0.0044999998062849045,1
B63,mixamorig_RightToeBase,62,0.9998811483383179,-0.001028343802317977,-0.01535879261791706,0,0.009310999885201454,0.8349533677101135,0.5502418875694275,0,0.012257176451385021,-0.5503197908401489,0.8348643779754639,0,0.005400000140070915,12.718299865722656,-0.5224000215530396,1
B64,mixamorig_RightToe_End,63,1,0,0,0,0,1,0,0,0,0,1,0,-0.0142000000923872,6.412099838256836,0.007899999618530273,1
@52,0,1,2,3,4,5,7,8,9,10,11,12,13,15,16,17,19,20,21,23,24,25,27,28,29,31,32,33,34,35,36,37,39,40,41,43,44,45,47,48,49,51,52,53,55,56,57,58,60,61,62,63
K0.000,0.999966025352478,-0.0013139999937266111,-0.008186999708414078,0,0.0009180000051856041,0.9988430142402649,-0.04807800054550171,0,0.008240999653935432,0.048069000244140625,0.9988099932670593,0,0.014436000026762486,69.6953353881836,0.18599900603294373,1,0.999921977519989,-0.012405999936163425,0.0014329999685287476,0,0.012442000210285187,0.9994990229606628,-0.0290949996560812,0,-0.0010710000060498714,0.029109999537467957,0.9995759725570679,0,0,3.962399959564209,-0.2743000090122223,1,0.9998130202293396,-0.019179999828338623,0.0022799998987466097,0,0.01911799982190132,0.9995160102844238,0.024522000923752785,0,-0.0027489999774843454,-0.024474000558257103,0.9996970295906067,0,0,14.123299598693848,0.26440000534057617,1,0.9998130202293396,-0.019179999828338623,0.0022980000358074903,0,0.01911799982190132,0.999517023563385,0.02452000044286251,0,-0.002767000114545226,-0.024470999836921692,0.9996970295906067,0,0,11.404500007629395,0.10610000044107437,1,0.9985389709472656,0.05254700034856796,0.01261099986732006,0,-0.05331699922680855,0.9960200190544128,0.071431003510952,0,-0.008806999772787094,-0.07199899852275848,0.9973660111427307,0,0,9.946700096130371,0,1,0.9987459778785706,0.04555800184607506,-0.02073800005018711,0,-0.045892998576164246,0.9988179802894592,-0.016011999920010567,0,0.01998399943113327,0.016944000497460365,0.9996569752693176,0,0,8.579099655151367,0.11420000344514847,1,0.01696999929845333,0.023718999698758125,-0.9995750188827515,0,0.9000639915466309,-0.4357300102710724,0.004941000137478113,0,-0.4354279935359955,-0.8997650146484375,-0.028743000701069832,0,4.224100112915039,8.89840030670166,-0.05660000070929527,1,0.7335839867591858,0.5701109766960144,-0.36990299820899963,0,-0.046153999865055084,0.584833025932312,0.8098390102386475,0,0.6780300140380859,-0.5770130157470703,0.4553369879722595,0,0,8.861000061035156,0,1,0.9710609912872314,0.23882299661636353,0.0017259999876841903,0,-0.23882700502872467,0.9709889888763428,0.011882999911904335,0,0.0011620000004768372,-0.011951999738812447,0.9999279975891113,0,0,18.975200653076172,0,1,0.9330539703369141,-0.20566600561141968,0.29514798521995544,0,0.24512700736522675,0.9639829993247986,-0.10319499671459198,0,-0.2632940113544464,0.16863499581813812,0.949862003326416,0,0,19.895999908447266,0,1,0.9378049969673157,0.3354940116405487,-0.08924999833106995,0,-0.3067589998245239,0.9211779832839966,0.23943699896335602,0,0.16254499554634094,-0.19716699421405792,0.9668009877204895,0,-2.088900089263916,2.1412999629974365,1.2094000577926636,1,0.9528549909591675,-0.25293800234794617,0.16759899258613586,0,0.245168998837471,0.9672399759292603,0.06587400287389755,0,-0.1787700057029724,-0.021678000688552856,0.9836519956588745,0,-0.329800009727478,2.5601000785827637,0,1,0.9999799728393555,0.0009820000268518925,-0.006206999998539686,0,-0.0014860000228509307,0.9966570138931274,-0.08168099820613861,0,0.006105999927967787,0.08168900012969971,0.9966390132904053,0,0.07689999788999557,2.7272000312805176,0,1,0.9965270161628723,0.0831649973988533,-0.004143000114709139,0,-0.07757499814033508,0.9453240036964417,0.316772997379303,0,0.030261000618338585,-0.3153510093688965,0.9484919905662537,0,-2.5859999656677246,6.942299842834473,0.02969999983906746,1,0.9993100166320801,-0.036614999175071716,-0.006279999855905771,0,0.03662300109863281,0.9426180124282837,0.3318580090999603,0,-0.006231000181287527,-0.3318589925765991,0.9433079957962036,0,0.0010000000474974513,2.844899892807007,0,1,0.9995260238647461,-0.030455999076366425,-0.004530999809503555,0,0.030470000579953194,0.9571570158004761,0.28796300292015076,0,-0.00443299999460578,-0.28796398639678955,0.95763099193573,0,-0.0013000000035390258,2.6654999256134033,0,1,0.9977740049362183,0.06500600278377533,-0.014852999709546566,0,-0.05074299871921539,0.8847129940986633,0.46336498856544495,0,0.04326200112700462,-0.4615800082683563,0.8860430121421814,0,-0.8149999976158142,6.827199935913086,-0.11010000109672546,1,0.9988099932670593,-0.04705899953842163,-0.01279900036752224,0,0.04744800180196762,0.8770400285720825,0.478069007396698,0,-0.011272000148892403,-0.4781070053577423,0.878229022026062,0,-0.011699999682605267,3.2567999362945557,0,1,0.9990940093994141,-0.04163200035691261,-0.008825999684631824,0,0.04130300134420395,0.8985959887504578,0.43682900071144104,0,-0.010254999622702599,-0.43679800629615784,0.8995010256767273,0,-0.000699999975040555,3.1779000759124756,0,1,0.9980909824371338,0.055560000240802765,-0.02698099985718727,0,-0.028271999210119247,0.7993509769439697,0.6001989841461182,0,0.05491499975323677,-0.5982900261878967,0.7993950247764587,0,0.8988000154495239,6.77869987487793,-0.023000000044703484,1,0.9980109930038452,-0.059578001499176025,-0.02058199979364872,0,0.05966399982571602,0.7875760197639465,0.6133229732513428,0,-0.02033100090920925,-0.6133310198783875,0.7895640134811401,0,-0.004000000189989805,2.9579999446868896,0,1,0.9981369972229004,-0.05830100178718567,-0.018011000007390976,0,0.058014001697301865,0.8152089715003967,0.5762529969215393,0,-0.01891300082206726,-0.5762240290641785,0.8170729875564575,0,0.0024999999441206455,2.7569000720977783,0,1,0.9969009757041931,-0.007348999846726656,-0.07832500338554382,0,0.05925099924206734,0.7250840067863464,0.6861060261726379,0,0.051750000566244125,-0.6886209845542908,0.7232720255851746,0,2.50219988822937,6.3907999992370605,0.08749999850988388,1,0.999534010887146,-0.004135999828577042,-0.030253000557422638,0,0.024468999356031418,0.7011820077896118,0.7125620245933533,0,0.018265999853610992,-0.7129700183868408,0.7009570002555847,0,0.0031999999191612005,2.623699903488159,0,1,0.9966139793395996,-0.07631900161504745,-0.03060300089418888,0,0.0769760012626648,0.7350919842720032,0.673583984375,0,-0.02891100011765957,-0.673658013343811,0.7384769916534424,0,0.0038999998942017555,2.1321001052856445,0,1,-0.10515999794006348,-0.008805000223219395,0.9944159984588623,0,-0.8969190120697021,-0.4310469925403595,-0.09866700321435928,0,0.4295090138912201,-0.9022870063781738,0.037432000041007996,0,-4.224100112915039,8.897299766540527,-0.03020000085234642,1,0.5521780252456665,-0.6875349879264832,0.47158899903297424,0,0.07842300087213516,0.6059640049934387,0.7916169762611389,0,-0.8300300240516663,-0.4001300036907196,0.38851800560951233,0,0,8.861000061035156,0,1,0.9336320161819458,-0.35821598768234253,-0.003498000092804432,0,0.35822299122810364,0.9334840178489685,0.01687300018966198,0,-0.002778999973088503,-0.017007000744342804,0.9998520016670227,0,0,18.973600387573242,0,1,0.8811889886856079,0.09757000207901001,-0.46258699893951416,0,-0.15131700038909912,0.9852070212364197,-0.08044300228357315,0,0.44789499044418335,0.14088299870491028,0.8829169869422913,0,0,19.898300170898438,0,1,0.9198070168495178,-0.38007500767707825,0.09745799750089645,0,0.3503809869289398,0.9074270129203796,0.2319670021533966,0,-0.17660099267959595,-0.17921699583530426,0.9678289890289307,0,2.062000036239624,2.147700071334839,1.2410000562667847,1,0.9777250289916992,0.20663300156593323,-0.03683999925851822,0,-0.20842400193214417,0.9765340089797974,-0.05422699823975563,0,0.024769999086856842,0.06069700047373772,0.9978489875793457,0,0.274399995803833,2.5659000873565674,0,1,0.9995869994163513,0.02732199989259243,-0.008860000409185886,0,-0.027991000562906265,0.9957960247993469,-0.08721499890089035,0,0.006440000142902136,0.08742699772119522,0.996150016784668,0,-0.07670000195503235,2.7302000522613525,0,1,0.9960910081863403,-0.08833099901676178,0.00076299998909235,0,0.0869159996509552,0.9816039800643921,0.16999900341033936,0,-0.015766000375151634,-0.16926799714565277,0.9854440093040466,0,2.5699000358581543,7.053800106048584,0.05090000107884407,1,0.999763011932373,0.021687999367713928,0.0019890000112354755,0,-0.021686000749468803,0.9829509854316711,0.1825830042362213,0,0.002004999900236726,-0.1825830042362213,0.9831879734992981,0,-0.001500000013038516,2.8162999153137207,0,1,0.9999489784240723,0.01007699966430664,0.0004879999905824661,0,-0.010080000385642052,0.9957370162010193,0.09168200194835663,0,0.00043799998820759356,-0.09168300032615662,0.9957879781723022,0,0.0012000000569969416,2.6396000385284424,0,1,0.9963160157203674,-0.0856890007853508,0.003495000069960952,0,0.08385100215673447,0.981872022151947,0.16999100148677826,0,-0.017998000606894493,-0.1690710037946701,0.9854390025138855,0,0.765500009059906,7.018199920654297,-0.09040000289678574,1,0.9998829960823059,0.015213999897241592,0.00139999995008111,0,-0.015212999656796455,0.9830629825592041,0.18263399600982666,0,0.0014019999653100967,-0.18263399600982666,0.9831799864768982,0,0.008500000461935997,3.3401999473571777,0,1,0.9999210238456726,0.012558000162243843,0.0003699999942909926,0,-0.012539000250399113,0.9957069754600525,0.09170600026845932,0,0.0007830000249668956,-0.09170299768447876,0.9957860112190247,0,-0.007899999618530273,3.0566999912261963,0,1,0.9960439801216125,-0.08885200321674347,0.0008919999818317592,0,0.08740799874067307,0.9815599918365479,0.17000000178813934,0,-0.015980999916791916,-0.16924899816513062,0.9854440093040466,0,-0.892300009727478,6.911099910736084,-0.12160000205039978,1,0.9997419714927673,0.022634999826550484,0.0020759999752044678,0,-0.022633999586105347,0.982928991317749,0.18258599936962128,0,0.0020920000970363617,-0.18258599936962128,0.9831879734992981,0,-0.003000000026077032,2.9238998889923096,0,1,0.9999539852142334,0.009549000300467014,0.0004780000017490238,0,-0.00955200009047985,0.9957420229911804,0.09168499708175659,0,0.00039900001138448715,-0.09168499708175659,0.9957879781723022,0,0.0026000000070780516,2.7179999351501465,0,1,0.9960229992866516,-0.08906099945306778,0.0023240000009536743,0,0.08737099915742874,0.9815629720687866,0.17000100016593933,0,-0.017420999705791473,-0.16912199556827545,0.9854410290718079,0,-2.4430999755859375,6.45359992980957,0.12549999356269836,1,0.9997879862785339,0.020515000447630882,0.001711999997496605,0,-0.020481999963521957,0.9829699993133545,0.18261900544166565,0,0.0020630001090466976,-0.1826159954071045,0.9831820130348206,0,-0.0026000000070780516,2.6278998851776123,0,1,0.9999070167541504,0.013636999763548374,0.0007590000168420374,0,-0.013648999854922295,0.995693027973175,0.09169799834489822,0,0.0004939999780617654,-0.0917000025510788,0.9957870244979858,0,-0.0019000000320374966,2.122499942779541,0,1,-0.9987519979476929,-0.023036999627947807,0.044314999133348465,0,0.02322700060904026,-0.9997230172157288,0.0037640000227838755,0,0.04421599954366684,0.0047889999113976955,0.9990109801292419,0,7.557000160217285,-4.826300144195557,0.3005000054836273,1,0.9971910119056702,-0.026103999465703964,-0.07020899653434753,0,0.01882000081241131,0.9945570230484009,-0.10248500108718872,0,0.072502002120018,0.10087600350379944,0.9922540187835693,0,-0.12460000067949295,24.065799713134766,0.1046999990940094,1,0.999966025352478,0.005001000128686428,0.00648299977183342,0,-0.008120999671518803,0.5045549869537354,0.8633409738540649,0,0.0010470000561326742,-0.8633649945259094,0.5045790076255798,0,-0.006000000052154064,33.0630989074707,0.0038999998942017555,1,0.9998480081558228,-0.00015799999528098851,0.017413999885320663,0,-0.00940100010484457,0.8368229866027832,0.5473930239677429,0,-0.014658999629318714,-0.5474740266799927,0.8366940021514893,0,-0.0052999998442828655,12.89330005645752,-0.515500009059906,1,-0.9902139902114868,0.01279400009661913,-0.13896800577640533,0,-0.0153590003028512,-0.9997310042381287,0.017402000725269318,0,-0.1387079954147339,0.019365999847650528,0.9901440143585205,0,-7.557000160217285,-4.826300144195557,0.3005000054836273,1,0.9976320266723633,-0.004224999807775021,0.06864999979734421,0,0.013376999646425247,0.990971028804779,-0.13340499997138977,0,-0.06746699661016464,0.13400700688362122,0.9886810183525085,0,0.12479999661445618,24.070100784301758,-0.14489999413490295,1,0.9996659755706787,0.024841999635100365,-0.007153000216931105,0,-0.006126999855041504,0.4964750111103058,0.8680300116539001,0,0.025113999843597412,-0.8676959872245789,0.49646100401878357,0,0.006000000052154064,33.0630989074707,0.0044999998062849045,1,0.9998559951782227,0.00007699999696342275,-0.016995999962091446,0,0.009297999553382397,0.8345950245857239,0.5507850050926208,0,0.014227000065147877,-0.5508639812469482,0.8344740271568298,0,0.005400000140070915,12.718299865722656,-0.5224000215530396,1
K0.033,0.999970018863678,-0.0013340001460164785,-0.007673993241041899,0,0.0009600003249943256,0.9988200068473816,-0.048548005521297455,0,0.00772999320179224,0.04853900521993637,0.998790979385376,0,0.0167399849742651,69.69593811035156,0.20422616600990295,1,0.999921977519989,-0.012392999604344368,0.0014239998999983072,0,0.01242899987846613,0.9995020031929016,-0.028991997241973877,0,-0.001063999836333096,0.029006998986005783,0.9995790123939514,0,0,3.962399959564209,-0.2743000090122223,1,0.9998130202293396,-0.019254999235272408,0.0020339980255812407,0,0.019199000671505928,0.9995080232620239,0.024804001674056053,0,-0.0025109981652349234,-0.024761002510786057,0.9996899962425232,0,0,14.123299598693848,0.26440000534057617,1,0.9998120069503784,-0.019255999475717545,0.0020529981702566147,0,0.019199000671505928,0.9995080232620239,0.02480200119316578,0,-0.0025289980694651604,-0.024758001789450645,0.9996899962425232,0,0,11.404500007629395,0.10610000044107437,1,0.9985219836235046,0.052859000861644745,0.012671001255512238,0,-0.05363300070166588,0.9960020184516907,0.0714389979839325,0,-0.008844001218676567,-0.0720129981637001,0.9973639845848083,0,0,9.946700096130371,0,1,0.9987459778785706,0.04560599848628044,-0.020635997876524925,0,-0.04593599960207939,0.9988189935684204,-0.01581999473273754,0,0.01988999731838703,0.01674799434840679,0.9996619820594788,0,0,8.579099655151367,0.11420000344514847,1,0.017593001946806908,0.023785000666975975,-0.9995620250701904,0,0.9000419974327087,-0.4357689917087555,0.0054720016196370125,0,-0.4354490041732788,-0.8997439742088318,-0.02907400205731392,0,4.224100112915039,8.89840030670166,-0.05660000070929527,1,0.7343829870223999,0.569316029548645,-0.3695409893989563,0,-0.046410009264945984,0.5853009819984436,0.809486985206604,0,0.6771469712257385,-0.5773230195045471,0.4562569856643677,0,0,8.861000061035156,0,1,0.9708470106124878,0.23969300091266632,0.0017369999550282955,0,-0.23969699442386627,0.9707750082015991,0.011927000246942043,0,0.001171999960206449,-0.011994999833405018,0.9999269843101501,0,0,18.975200653076172,0,1,0.9330520033836365,-0.20464397966861725,0.29586198925971985,0,0.2434999793767929,0.9646620154380798,-0.10067598521709442,0,-0.26480403542518616,0.16597798466682434,0.9499109983444214,0,0,19.895999908447266,0,1,0.9378049969673157,0.3354949951171875,-0.08924999833106995,0,-0.3067589998245239,0.9211779832839966,0.23943699896335602,0,0.16254499554634094,-0.19716699421405792,0.9668009877204895,0,-2.088900089263916,2.1412999629974365,1.2094000577926636,1,0.9528549909591675,-0.252936989068985,0.16759899258613586,0,0.245168998837471,0.9672399759292603,0.06587400287389755,0,-0.1787710040807724,-0.021678000688552856,0.9836519956588745,0,-0.329800009727478,2.5601000785827637,0,1,0.9999799728393555,0.0009820000268518925,-0.006206999998539686,0,-0.0014860000228509307,0.9966570138931274,-0.08168099820613861,0,0.006105999927967787,0.08168900012969971,0.9966390132904053,0,0.07689999788999557,2.7272000312805176,0,1,0.9965270161628723,0.0831649973988533,-0.004143000114709139,0,-0.07757499814033508,0.9453240036964417,0.316772997379303,0,0.030261000618338585,-0.3153519928455353,0.9484919905662537,0,-2.5859999656677246,6.942299842834473,0.02969999983906746,1,0.9993100166320801,-0.03661400079727173,-0.006279999855905771,0,0.03662300109863281,0.9426180124282837,0.3318580090999603,0,-0.006231000181287527,-0.3318589925765991,0.9433079957962036,0,0.0010000000474974513,2.844899892807007,0,1,0.9995260238647461,-0.030455999076366425,-0.004530999809503555,0,0.030470000579953194,0.9571570158004761,0.28796300292015076,0,-0.00443299999460578,-0.28796398639678955,0.95763099193573,0,-0.0013000000035390258,2.6654999256134033,0,1,0.9977740049362183,0.06500600278377533,-0.014852999709546566,0,-0.05074299871921539,0.8847129940986633,0.46336600184440613,0,0.04326200112700462,-0.4615809917449951,0.8860430121421814,0,-0.8149999976158142,6.827199935913086,-0.11010000109672546,1,0.9988099932670593,-0.04705899953842163,-0.01279900036752224,0,0.04744800180196762,0.8770400285720825,0.4780679941177368,0,-0.011272000148892403,-0.4781070053577423,0.878229022026062,0,-0.011699999682605267,3.2567999362945557,0,1,0.9990940093994141,-0.04163200035691261,-0.008825999684631824,0,0.04130300134420395,0.8985959887504578,0.43682900071144104,0,-0.010254999622702599,-0.43679800629615784,0.8995010256767273,0,-0.000699999975040555,3.1779000759124756,0,1,0.9980909824371338,0.055560000240802765,-0.02698099985718727,0,-0.028271999210119247,0.7993509769439697,0.6001989841461182,0,0.05491499975323677,-0.5982909798622131,0.7993950247764587,0,0.8988000154495239,6.77869987487793,-0.023000000044703484,1,0.9980109930038452,-0.059578001499176025,-0.02058199979364872,0,0.05966399982571602,0.7875760197639465,0.6133229732513428,0,-0.02033100090920925,-0.6133310198783875,0.7895640134811401,0,-0.004000000189989805,2.9579999446868896,0,1,0.9981369972229004,-0.05830100178718567,-0.018011000007390976,0,0.05801500007510185,0.8152089715003967,0.5762529969215393,0,-0.01891300082206726,-0.5762240290641785,0.8170729875564575,0,0.0024999999441206455,2.7569000720977783,0,1,0.9969009757041931,-0.007348999846726656,-0.07832399755716324,0,0.05925099924206734,0.7250840067863464,0.6861060261726379,0,0.051750000566244125,-0.6886209845542908,0.723272979259491,0,2.50219988822937,6.3907999992370605,0.08749999850988388,1,0.999534010887146,-0.004135999828577042,-0.030253000557422638,0,0.024468999356031418,0.7011820077896118,0.7125620245933533,0,0.018265999853610992,-0.7129700183868408,0.7009570002555847,0,0.0031999999191612005,2.623699903488159,0,1,0.9966139793395996,-0.07631900161504745,-0.03060300089418888,0,0.0769760012626648,0.735090970993042,0.673583984375,0,-0.02891100011765957,-0.6736590266227722,0.7384769916534424,0,0.0038999998942017555,2.1321001052856445,0,1,-0.10565999895334244,-0.008685000240802765,0.9943640232086182,0,-0.8968759775161743,-0.4310449957847595,-0.09906599670648575,0,0.4294759929180145,-0.9022889733314514,0.037755001336336136,0,-4.224100112915039,8.897299766540527,-0.03020000085234642,1,0.5507509708404541,-0.6883919835090637,0.47200700640678406,0,0.07886900752782822,0.60589200258255,0.7916280031204224,0,-0.830935001373291,-0.3987630009651184,0.38798800110816956,0,0,8.861000061035156,0,1,0.9337180256843567,-0.3579930067062378,-0.0034940000623464584,0,0.3579989969730377,0.9335700273513794,0.01686299964785576,0,-0.0027749999426305294,-0.016995999962091446,0.9998520016670227,0,0,18.973600387573242,0,1,0.8806719779968262,0.09801400452852249,-0.4634760022163391,0,-0.15220801532268524,0.985031008720398,-0.08090700209140778,0,0.44860801100730896,0.1417980045080185,0.8824080228805542,0,0,19.898300170898438,0,1,0.9198070168495178,-0.38007500767707825,0.09745799750089645,0,0.3503809869289398,0.9074270129203796,0.2319670021533966,0,-0.17660099267959595,-0.17921699583530426,0.9678289890289307,0,2.062000036239624,2.147700071334839,1.2410000562667847,1,0.9777250289916992,0.20663300156593323,-0.03683999925851822,0,-0.20842400193214417,0.9765340089797974,-0.05422699823975563,0,0.024769999086856842,0.06069700047373772,0.9978489875793457,0,0.274399995803833,2.5659000873565674,0,1,0.9995869994163513,0.02732199989259243,-0.008860999718308449,0,-0.027991000562906265,0.9957960247993469,-0.08721400052309036,0,0.006440000142902136,0.08742699772119522,0.996150016784668,0,-0.07670000195503235,2.7302000522613525,0,1,0.9960910081863403,-0.08833199739456177,0.00076299998909235,0,0.08691699802875519,0.9816039800643921,0.17000000178813934,0,-0.015766000375151634,-0.16926899552345276,0.9854440093040466,0,2.5699000358581543,7.053800106048584,0.05090000107884407,1,0.999763011932373,0.021687999367713928,0.0019890000112354755,0,-0.021686000749468803,0.9829509854316711,0.18258200585842133,0,0.002004999900236726,-0.18258200585842133,0.9831889867782593,0,-0.001500000013038516,2.8162999153137207,0,1,0.9999489784240723,0.01007699966430664,0.0004879999905824661,0,-0.010080000385642052,0.9957370162010193,0.09168300032615662,0,0.00043799998820759356,-0.09168300032615662,0.9957879781723022,0,0.0012000000569969416,2.6396000385284424,0,1,0.9963160157203674,-0.0856890007853508,0.003495000069960952,0,0.08385100215673447,0.981872022151947,0.16999100148677826,0,-0.017998000606894493,-0.1690720021724701,0.9854390025138855,0,0.765500009059906,7.018199920654297,-0.09040000289678574,1,0.9998829960823059,0.015213999897241592,0.00139999995008111,0,-0.015213999897241592,0.9830629825592041,0.18263299763202667,0,0.0014019999653100967,-0.18263299763202667,0.9831799864768982,0,0.008500000461935997,3.3401999473571777,0,1,0.9999210238456726,0.012558000162243843,0.000371000001905486,0,-0.012539000250399113,0.9957069754600525,0.09170600026845932,0,0.0007820000173524022,-0.09170400351285934,0.9957860112190247,0,-0.007899999618530273,3.0566999912261963,0,1,0.9960439801216125,-0.08885200321674347,0.0008919999818317592,0,0.08740799874067307,0.9815599918365479,0.17000000178813934,0,-0.015980999916791916,-0.1692499965429306,0.9854440093040466,0,-0.892300009727478,6.911099910736084,-0.12160000205039978,1,0.9997419714927673,0.022634999826550484,0.0020759999752044678,0,-0.022633999586105347,0.982928991317749,0.18258599936962128,0,0.0020920000970363617,-0.18258599936962128,0.9831879734992981,0,-0.003000000026077032,2.9238998889923096,0,1,0.9999539852142334,0.009549000300467014,0.00047900000936351717,0,-0.00955200009047985,0.9957420229911804,0.09168499708175659,0,0.00039900001138448715,-0.09168600291013718,0.9957879781723022,0,0.0026000000070780516,2.7179999351501465,0,1,0.9960229992866516,-0.08906099945306778,0.0023240000009536743,0,0.08737099915742874,0.9815629720687866,0.17000199854373932,0,-0.017420999705791473,-0.16912299394607544,0.9854410290718079,0,-2.4430999755859375,6.45359992980957,0.12549999356269836,1,0.9997879862785339,0.020515000447630882,0.001711999997496605,0,-0.020481999963521957,0.9829699993133545,0.18261900544166565,0,0.0020630001090466976,-0.1826149970293045,0.9831820130348206,0,-0.0026000000070780516,2.6278998851776123,0,1,0.9999070167541504,0.013636000454425812,0.0007590000168420374,0,-0.013648999854922295,0.995693027973175,0.09169899672269821,0,0.0004939999780617654,-0.09170100092887878,0.9957870244979858,0,-0.0019000000320374966,2.122499942779541,0,1,-0.9987300038337708,-0.022967999801039696,0.044849004596471786,0,0.02310200035572052,-0.9997299909591675,0.002466988516971469,0,0.044780004769563675,0.0034999889321625233,0.9989910125732422,0,7.557000160217285,-4.826300144195557,0.3005000054836273,1,0.9971929788589478,-0.025853998959064484,-0.0702739953994751,0,0.018612999469041824,0.994629979133606,-0.10180999338626862,0,0.07252798974514008,0.10021599382162094,0.9923189878463745,0,-0.12460000067949295,24.065799713134766,0.1046999990940094,1,0.9999669790267944,0.004991999827325344,0.00648299977183342,0,-0.008116000331938267,0.5044280290603638,0.863415002822876,0,0.0010400000028312206,-0.8634390234947205,0.5044519901275635,0,-0.006000000052154064,33.0630989074707,0.0038999998942017555,1,0.9998480081558228,-0.00015799998072907329,0.017412999644875526,0,-0.00940100010484457,0.8368399739265442,0.5473660230636597,0,-0.014658999629318714,-0.5474470257759094,0.8367120027542114,0,-0.0052999998442828655,12.89330005645752,-0.515500009059906,1,-0.9902849793434143,0.013015000149607658,-0.13844500482082367,0,-0.015401999466121197,-0.999750018119812,0.016184991225600243,0,-0.13819999992847443,0.01815999113023281,0.9902380108833313,0,-7.557000160217285,-4.826300144195557,0.3005000054836273,1,0.9976310133934021,-0.004056999459862709,0.06867600232362747,0,0.013160999864339828,0.9910780191421509,-0.13263200223445892,0,-0.0675249993801117,0.13322199881076813,0.9887830018997192,0,0.12479999661445618,24.070100784301758,-0.14489999413490295,1,0.9996669888496399,0.02480500005185604,-0.007151999976485968,0,-0.00610999995842576,0.4965139925479889,0.8680070042610168,0,0.025081999599933624,-0.8676739931106567,0.4964999854564667,0,0.006000000052154064,33.0630989074707,0.0044999998062849045,1,0.9998559951782227,0.00007599999662488699,-0.016995999962091446,0,0.009297999553382397,0.8346059918403625,0.5507689714431763,0,0.014227000065147877,-0.5508480072021484,0.8344839811325073,0,0.005400000140070915,12.718299865722656,-0.5224000215530396,1
