1.900,30,56,65
B0,mixamorig_Hips,-1,0.9768538475036621,0.08161727339029312,0.19755469262599945,0,-0.07367628812789917,0.9960876107215881,-0.047461602836847305,0,-0.20072393119335175,0.03183722496032715,0.9790710806846619,0,-0.6285209059715271,62.607757568359375,-2.6402575969696045,1
B1,mixamorig_Spine,0,0.999839186668396,0.016843853518366814,-0.005644283257424831,0,-0.016521716490387917,0.9984140396118164,0.05335434153676033,0,0.006550981197506189,-0.05325378105044365,0.9985374212265015,0,0,3.962399959564209,-0.2743000090122223,1
B2,mixamorig_Spine1,1,0.9997426867485046,0.017367100343108177,-0.013859817758202553,0,-0.014512625522911549,0.9825490117073059,0.18492233753204346,0,0.016888342797756195,-0.18467943370342255,0.9825672507286072,0,0,14.123299598693848,0.26440000534057617,1
B3,mixamorig_Spine2,2,0.9998339414596558,0.011635638773441315,-0.013387525454163551,0,-0.008961638435721397,0.982528030872345,0.1853836327791214,0,0.015365663915872574,-0.18523865938186646,0.9824849963188171,0,0,11.404500007629395,0.10610000044107437,1
B4,mixamorig_Neck,3,0.999171793460846,0.009217606857419014,-0.03708912804722786,0,-0.0012765058781951666,0.9778078198432922,0.20371825993061066,0,0.03752099350094795,-0.20359502732753754,0.9771984815597534,0,0,9.946700096130371,0,1
B5,mixamorig_Head,4,0.9623148441314697,-0.12308646738529205,-0.2403489351272583,0,0.1098880022764206,0.9880808591842651,-0.0711594671010971,0,0.2485160231590271,0.04228326305747032,0.9645742774009705,0,0,8.579099655151367,0.11420000344514847,1
B6,mixamorig_HeadTop_End,5,1,0,0,0,0,1,0,0,0,0,1,0,0,25.089099884033203,0.33390000462532043,1
B7,mixamorig_LeftShoulder,3,0.016392270103096962,0.046510424464941025,-0.9987766146659851,0,0.9214391708374023,-0.3884257376194,-0.0029496848583221436,0,-0.3880857527256012,-0.9202756285667419,-0.049200672656297684,0,4.224100112915039,8.89840030670166,-0.05660000070929527,1
B8,mixamorig_LeftArm,7,0.9886372685432434,0.08863930404186249,0.1162678599357605,0,-0.14614984393119812,0.5767903923988342,0.8029322028160095,0,0.0039028108585625887,-0.8117825388908386,0.5839153528213501,0,0,8.861000061035156,0,1
B9,mixamorig_LeftForeArm,8,0.4855780601501465,0.8736832737922668,0.025883197784423828,0,-0.8736959099769592,0.4842971861362457,0.04347320646047592,0,0.025458138436079025,-0.04372384399175644,0.9987191557884216,0,0,18.975200653076172,0,1
B10,mixamorig_LeftHand,9,0.9648963212966919,-0.13902848958969116,-0.21585887670516968,0,0.13587072491645813,0.9897282719612122,-0.03291220963001251,0,0.21787096560001373,0.0011846378911286592,0.9747088551521301,0,0,19.895999908447266,0,1
B11,mixamorig_LeftHandThumb1,10,0.8961290121078491,0.4382396638393402,-0.06999299675226212,0,-0.3947420120239258,0.8591790199279785,0.325560986995697,0,0.20281000435352325,-0.26411500573158264,0.9429270029067993,0,-2.088900089263916,2.1412999629974365,1.2094000577926636,1
B12,mixamorig_LeftHandThumb2,11,0.8604388236999512,-0.4983994960784912,0.1058083325624466,0,0.4840424954891205,0.8644546270370483,0.13544350862503052,0,-0.15895456075668335,-0.0653650090098381,0.9850917458534241,0,-0.329800009727478,2.5601000785827637,0,1
B13,mixamorig_LeftHandThumb3,12,0.9767817258834839,-0.20356041193008423,0.06665413826704025,0,0.203466534614563,0.979040265083313,0.00818029884248972,0,-0.06691773235797882,0.00556176109239459,0.9977363348007202,0,0.07689999788999557,2.7272000312805176,0,1
B14,mixamorig_LeftHandThumb4,13,1,0,0,0,0,1,0,0,0,0,1,0,0.25290000438690186,2.237600088119507,0,1
B15,mixamorig_LeftHandIndex1,10,0.9987040758132935,0.04123784974217415,-0.029825087636709213,0,-0.008272259496152401,0.7097656726837158,0.7043583989143372,0,0.050210047513246536,-0.7031987309455872,0.7091875076293945,0,-2.5859999656677246,6.942299842834473,0.02969999983906746,1
B16,mixamorig_LeftHandIndex2,15,0.9948798418045044,-0.0893724337220192,-0.047163963317871094,0,0.08943241834640503,0.5614515542984009,0.8225861191749573,0,-0.047049641609191895,-0.8225927352905273,0.566571056842804,0,0.0010000000474974513,2.844899892807007,0,1
B17,mixamorig_LeftHandIndex3,16,0.9971612691879272,-0.07042859494686127,-0.026630742475390434,0,0.07051558047533035,0.7495108246803284,0.6582023501396179,0,-0.0263997633010149,-0.658211350440979,0.7523491978645325,0,-0.0013000000035390258,2.6654999256134033,0,1
B18,mixamorig_LeftHandIndex4,17,1,0,0,0,0,1,0,0,0,0,1,0,0.0003000000142492354,2.2973999977111816,0,1
B19,mixamorig_LeftHandMiddle1,10,0.9986010193824768,0.04020393639802933,-0.03434151038527489,0,-0.004378259181976318,0.7101243138313293,0.7040317058563232,0,0.05268704518675804,-0.7028964161872864,0.7093074917793274,0,-0.8149999976158142,6.827199935913086,-0.11010000109672546,1
B20,mixamorig_LeftHandMiddle2,19,0.9954614043235779,-0.08340194076299667,-0.04581429064273834,0,0.08492644876241684,0.5615832209587097,0.8229734301567078,0,-0.042922306805849075,-0.8231297135353088,0.5661194324493408,0,-0.011699999682605267,3.2567999362945557,0,1
B21,mixamorig_LeftHandMiddle3,20,0.9975705146789551,-0.06564517319202423,-0.023311804980039597,0,0.06472739577293396,0.7497915029525757,0.6584762930870056,0,-0.02575020305812359,-0.6583856344223022,0.7522196173667908,0,-0.000699999975040555,3.1779000759124756,0,1
B22,mixamorig_LeftHandMiddle4,21,1,0,0,0,0,1,0,0,0,0,1,0,0.012400000356137753,2.6951000690460205,0,1
B23,mixamorig_LeftHandRing1,10,0.9983323216438293,0.0431785024702549,-0.03830286115407944,0,-0.002031730255112052,0.6894649863243103,0.7242664694786072,0,0.05767402425408363,-0.722981333732605,0.6884036660194397,0,0.8988000154495239,6.77869987487793,-0.023000000044703484,1
B24,mixamorig_LeftHandRing2,23,0.9956700205802917,-0.0817842110991478,-0.04418046772480011,0,0.08197349309921265,0.5484628081321716,0.8320980668067932,0,-0.04382916912436485,-0.8321167230606079,0.5527927279472351,0,-0.004000000189989805,2.9579999446868896,0,1
B25,mixamorig_LeftHandRing3,24,0.9974621534347534,-0.06679888069629669,-0.024647267535328865,0,0.06640861928462982,0.7479749321937561,0.6603767275810242,0,-0.02567918784916401,-0.6603381037712097,0.750512421131134,0,0.0024999999441206455,2.7569000720977783,0,1
B26,mixamorig_LeftHandRing4,25,1,0,0,0,0,1,0,0,0,0,1,0,0.001500000013038516,2.3345999717712402,0,1
B27,mixamorig_LeftHandPinky1,10,0.9964207410812378,-0.008531257510185242,-0.08409450203180313,0,0.0665629655122757,0.6923895478248596,0.7184000015258789,0,0.05209072306752205,-0.7214266657829285,0.6904799342155457,0,2.50219988822937,6.3907999992370605,0.08749999850988388,1
B28,mixamorig_LeftHandPinky2,27,0.9987562894821167,-0.017734229564666748,-0.04658106341958046,0,0.04870977997779846,0.5451819896697998,0.8368544578552246,0,0.010545582510530949,-0.8380838632583618,0.5453689098358154,0,0.0031999999191612005,2.623699903488159,0,1
B29,mixamorig_LeftHandPinky3,28,0.9963461756706238,-0.07874079048633575,-0.03307588770985603,0,0.07944868505001068,0.7124321460723877,0.6972146034240723,0,-0.03133730962872505,-0.6972953081130981,0.71608567237854,0,0.0038999998942017555,2.1321001052856445,0,1
B30,mixamorig_LeftHandPinky4,29,1,0,0,0,0,1,0,0,0,0,1,0,-0.0071000000461936,1.7932000160217285,0,1
B31,mixamorig_RightShoulder,3,0.16259048879146576,-0.07564603537321091,0.9837889671325684,0,-0.9008122086524963,-0.41786515712738037,0.11676564067602158,0,0.40225905179977417,-0.9051949977874756,-0.1360751986503601,0,-4.224100112915039,8.897299766540527,-0.03020000085234642,1
B32,mixamorig_RightArm,31,0.8726100921630859,-0.05600060895085335,-0.4837625026702881,0,0.32467129826545715,0.8071749806404114,0.49130329489707947,0,0.3642504811286926,-0.5859866738319397,0.7232039570808411,0,0,8.861000061035156,0,1
B33,mixamorig_RightForeArm,32,-0.26306405663490295,-0.9579874873161316,-0.05986592546105385,0,0.9580041170120239,-0.26588866114616394,0.045124586671590805,0,-0.05959274619817734,-0.045481424778699875,0.9971750378608704,0,0,18.973600387573242,0,1
B34,mixamorig_RightHand,33,0.8760535717010498,-0.1367490440607071,-0.45179587602615356,0,0.33889415860176086,0.8469573259353638,0.4068849980831146,0,0.32728496193885803,-0.5132505893707275,0.787518322467804,0,0,19.898300170898438,0,1
B35,mixamorig_RightHandThumb1,34,0.8899099826812744,-0.4505630135536194,0.07108499854803085,0,0.40701499581336975,0.8547239899635315,0.32215800881385803,0,-0.20591099560260773,-0.2577579915523529,0.9440129995346069,0,2.062000036239624,2.147700071334839,1.2410000562667847,1
B36,mixamorig_RightHandThumb2,35,0.9927569627761841,0.11854908615350723,0.01751886121928692,0,-0.11980168521404266,0.9846935868263245,0.1263701617717743,0,-0.0022852327674627304,-0.12759621441364288,0.9918068647384644,0,0.274399995803833,2.5659000873565674,0,1
B37,mixamorig_RightHandThumb3,36,0.9997920989990234,-0.017870165407657623,0.008802184835076332,0,0.01784018613398075,0.999826967716217,0.0038897886406630278,0,-0.008874748833477497,-0.0037411709781736135,0.9999489188194275,0,-0.07670000195503235,2.7302000522613525,0,1
B38,mixamorig_RightHandThumb4,37,1,0,0,0,0,1,0,0,0,0,1,0,-0.19769999384880066,2.24429988861084,0,1
B39,mixamorig_RightHandIndex1,34,0.9895423650741577,-0.14336685836315155,-0.015574081800878048,0,0.1420818567276001,0.9504796266555786,0.2753627896308899,0,-0.024610323831439018,-0.27470239996910095,0.9609165787696838,0,2.5699000358581543,7.053800106048584,0.05090000107884407,1
B40,mixamorig_RightHandIndex2,39,0.9983665943145752,0.05531422421336174,0.014139804989099503,0,-0.05530456826090813,0.875613272190094,0.4794924855232239,0,0.014178785495460033,-0.47949081659317017,0.8772463798522949,0,-0.001500000013038516,2.8162999153137207,0,1
B41,mixamorig_RightHandIndex3,40,0.9994891285896301,0.031608741730451584,0.004631272051483393,0,-0.03163238242268562,0.958979070186615,0.2815605401992798,0,0.004468012601137161,-0.281562864780426,0.9594899415969849,0,0.0012000000569969416,2.6396000385284424,0,1
B42,mixamorig_RightHandIndex4,41,1,0,0,0,0,1,0,0,0,0,1,0,0.0003000000142492354,2.241499900817871,0,1
B43,mixamorig_RightHandMiddle1,34,0.996938943862915,-0.001328181941062212,0.07814940065145493,0,-0.07324941456317902,0.3325246572494507,0.9400776624679565,0,-0.02720043808221817,-0.9429284334182739,0.33141329884529114,0,0.765500009059906,7.018199920654297,-0.09040000289678574,1
B44,mixamorig_RightHandMiddle2,43,0.9846119284629822,0.10347289592027664,0.1408158838748932,0,-0.103423573076725,-0.30431514978408813,0.9467795491218567,0,0.14085188508033752,-0.9467735290527344,-0.2889270782470703,0,0.008500000461935997,3.3401999473571777,0,1
B45,mixamorig_RightHandMiddle3,44,0.9905244708061218,0.10967426002025604,0.08265216648578644,0,-0.10750291496515274,0.24475322663784027,0.9635674953460693,0,0.08545742928981781,-0.963323175907135,0.2542257606983185,0,-0.007899999618530273,3.0566999912261963,0,1
B46,mixamorig_RightHandMiddle4,45,1,0,0,0,0,1,0,0,0,0,1,0,-0.0006000000284984708,2.6394999027252197,0,1
B47,mixamorig_RightHandRing1,34,0.997247040271759,-0.0006058350554667413,0.07412092387676239,0,-0.06968975812196732,0.3325193524360657,0.9403504133224487,0,-0.02518143691122532,-0.9429307579994202,0.3315660059452057,0,-0.892300009727478,6.911099910736084,-0.12160000205039978,1
B48,mixamorig_RightHandRing2,47,0.9832776188850403,0.1078275591135025,0.14674468338489532,0,-0.10773658007383347,-0.305062860250473,0.9460572600364685,0,0.14681167900562286,-0.9460466504096985,-0.2883411943912506,0,-0.003000000026077032,2.9238998889923096,0,1
B49,mixamorig_RightHandRing3,48,0.9905368089675903,0.10814223438501358,0.08450327068567276,0,-0.10894043743610382,0.24509654939174652,0.9633191823959351,0,0.08347296714782715,-0.9634085297584534,0.2545590400695801,0,0.0026000000070780516,2.7179999351501465,0,1
B50,mixamorig_RightHandRing4,49,1,0,0,0,0,1,0,0,0,0,1,0,0.0003000000142492354,2.3796000480651855,0,1
B51,mixamorig_RightHandPinky1,34,0.9996285438537598,0.0030017970129847527,0.026888836175203323,0,-0.009883757680654526,0.9658414125442505,0.2578321099281311,0,-0.025133131071925163,-0.2580093741416931,0.9655194878578186,0,-2.4430999755859375,6.45359992980957,0.12549999356269836,1
B52,mixamorig_RightHandPinky2,51,0.9984618425369263,0.053792428225278854,0.013288968242704868,0,-0.053559329360723495,0.8756622672080994,0.4796004295349121,0,0.01419854536652565,-0.4795741140842438,0.8772004246711731,0,-0.0026000000070780516,2.6278998851776123,0,1
B53,mixamorig_RightHandPinky3,52,0.9993811249732971,0.03475336730480194,0.0052917106077075005,0,-0.03483530879020691,0.9588558077812195,0.2816011905670166,0,0.004721572156995535,-0.28161150217056274,0.9594746828079224,0,-0.0019000000320374966,2.122499942779541,0,1
B54,mixamorig_RightHandPinky4,53,1,0,0,0,0,1,0,0,0,0,1,0,0.0044999998062849045,1.7920000553131104,0,1
B55,mixamorig_LeftUpLeg,0,-0.9819262027740479,-0.12253709882497787,0.14409229159355164,0,0.18255361914634705,-0.8132717609405518,0.552500307559967,0,0.049486108124256134,0.5688315629959106,0.8209377527236938,0,7.557000160217285,-4.826300144195557,0.3005000054836273,1
B56,mixamorig_LeftLeg,55,0.9877941608428955,-0.009142390452325344,0.1553170531988144,0,0.1369226723909378,0.5247543454170227,-0.8400722146034241,0,-0.0737537369132042,0.8511185050010681,0.519652783870697,0,-0.12460000067949295,24.065799713134766,0.1046999990940094,1
B57,mixamorig_LeftFoot,56,0.9960350394248962,-0.06619451940059662,0.05904854089021683,0,-0.03581211343407631,0.30891862511634827,0.9504031538963318,0,-0.08115450292825699,-0.9487762451171875,0.3053079843521118,0,-0.006000000052154064,33.0630989074707,0.0038999998942017555,1
B58,mixamorig_LeftToeBase,57,0.9998319745063782,-0.0025489574763923883,0.0181385800242424,0,-0.009952238760888577,0.7557385563850403,0.6547960042953491,0,-0.015376559458673,-0.6548669934272766,0.755586564540863,0,-0.0052999998442828655,12.89330005645752,-0.515500009059906,1
B59,mixamorig_LeftToe_End,58,1,0,0,0,0,1,0,0,0,0,1,0,0.0142000000923872,6.42080020904541,0.007899999618530273,1
B60,mixamorig_RightUpLeg,0,-0.9455938935279846,0.2246222048997879,-0.23451371490955353,0,-0.3189241588115692,-0.7784169912338257,0.5403316020965576,0,-0.06113488972187042,0.5859926342964172,0.8079968690872192,0,-7.557000160217285,-4.826300144195557,0.3005000054836273,1
B61,mixamorig_RightLeg,60,0.998634934425354,0.004639059770852327,-0.05089675262570381,0,-0.04794144630432129,0.4215385317802429,-0.9053970575332642,0,0.017201058566570282,0.9065971970558167,0.4212258458137512,0,0.12479999661445618,24.070100784301758,-0.14489999413490295,1
B62,mixamorig_RightFoot,61,0.9968336224555969,0.07919075340032578,0.007136167958378792,0,-0.023970670998096466,0.21370059251785278,0.9766003489494324,0,0.07581211626529694,-0.9736791253089905,0.21492214500904083,0,0.006000000052154064,33.0630989074707,0.0044999998062849045,1
B63,mixamorig_RightToeBase,62,0.9998353719711304,0.003029697807505727,-0.017883939668536186,0,0.009999259375035763,0.7305290102958679,0.6828071475028992,0,0.015133579261600971,-0.6828741431236267,0.7303783893585205,0,0.005400000140070915,12.718299865722656,-0.5224000215530396,1
B64,mixamorig_RightToe_End,63,1,0,0,0,0,1,0,0,0,0,1,0,-0.0142000000923872,6.412099838256836,0.007899999618530273,1
@52,0,1,2,3,4,5,7,8,9,10,11,12,13,15,16,17,19,20,21,23,24,25,27,28,29,31,32,33,34,35,36,37,39,40,41,43,44,45,47,48,49,51,52,53,55,56,57,58,60,61,62,63
K0.000,0.9700440168380737,0.05104300007224083,0.23750600218772888,0,-0.03856299817562103,0.997635006904602,-0.0569010004401207,0,-0.2398490011692047,0.04603800177574158,0.9697179794311523,0,-1.6649240255355835,63.722747802734375,0.04363400116562843,1,0.9998720288276672,0.0157919991761446,-0.002481000032275915,0,-0.015782000496983528,0.9998670220375061,0.004157999996095896,0,0.0025470000691711903,-0.004118000157177448,0.9999880194664001,0,0,3.962399959564209,-0.2743000090122223,1,0.9999560117721558,-0.0013229999458417296,-0.009254000149667263,0,0.0021569998934865,0.9958699941635132,0.09076099842786789,0,0.009096000343561172,-0.09077700227499008,0.9958299994468689,0,0,14.123299598693848,0.26440000534057617,1,0.9999470114707947,-0.00417400011792779,-0.009452000260353088,0,0.005014999769628048,0.9958609938621521,0.09075599908828735,0,0.00903400033712387,-0.09079799801111221,0.9958279728889465,0,0,11.404500007629395,0.10610000044107437,1,0.9996430277824402,-0.02339000068604946,0.012931999750435352,0,0.022146999835968018,0.9957749843597412,0.08911900222301483,0,-0.014961999841034412,-0.08880099654197693,0.9959369897842407,0,0,9.946700096130371,0,1,0.990909993648529,-0.11319600045681,0.0726969987154007,0,0.11861400306224823,0.9900950193405151,-0.07511399686336517,0,-0.06347499787807465,0.08305399864912033,0.9945210218429565,0,0,8.579099655151367,0.11420000344514847,1,0.020632000640034676,0.04566200077533722,-0.998744010925293,0,0.9322900176048279,-0.36170101165771484,0.002722000004723668,0,-0.3611229956150055,-0.9311749935150146,-0.050032999366521835,0,4.224100112915039,8.89840030670166,-0.05660000070929527,1,0.9923110008239746,-0.09087300300598145,-0.084026999771595,0,0.11959300190210342,0.5291550159454346,0.840054988861084,0,-0.03187499940395355,-0.8436449766159058,0.535955011844635,0,0,8.861000061035156,0,1,0.47716400027275085,0.8784210085868835,0.026302000507712364,0,-0.8784329891204834,0.4758619964122772,0.04370899870991707,0,0.02587899938225746,-0.04396099969744682,0.9986979961395264,0,0,18.975200653076172,0,1,0.9771940112113953,-0.05809599906206131,-0.20424699783325195,0,0.012755000032484531,0.9761689901351929,-0.2166370004415512,0,0.21196599304676056,0.20909099280834198,0.9546470046043396,0,0,19.895999908447266,0,1,0.8961290121078491,0.4382399916648865,-0.06999299675226212,0,-0.3947420120239258,0.8591790199279785,0.325560986995697,0,0.20281000435352325,-0.26411500573158264,0.9429270029067993,0,-2.088900089263916,2.1412999629974365,1.2094000577926636,1,0.8772730231285095,-0.4453909993171692,0.17893800139427185,0,0.423007994890213,0.893572986125946,0.15030799806118011,0,-0.22684000432491302,-0.05616899952292442,0.9723110198974609,0,-0.329800009727478,2.5601000785827637,0,1,0.9797919988632202,-0.1719920039176941,0.10211200267076492,0,0.17241400480270386,0.9850130081176758,0.004745000042021275,0,-0.10139799863100052,0.01295700017362833,0.9947620034217834,0,0.07689999788999557,2.7272000312805176,0,1,0.9986600279808044,0.044075001031160355,-0.027123000472784042,0,-0.014003000222146511,0.7346810102462769,0.6782680153846741,0,0.04982199892401695,-0.6769790053367615,0.7343140244483948,0,-2.5859999656677246,6.942299842834473,0.02969999983906746,1,0.9962430000305176,-0.07940299808979034,-0.03456300124526024,0,0.07944700121879578,0.6791930198669434,0.7296469807624817,0,-0.03446099907159805,-0.7296519875526428,0.6829500198364258,0,0.0010000000474974513,2.844899892807007,0,1,0.9977059960365295,-0.06417900323867798,-0.021555999293923378,0,0.06424900144338608,0.7971619963645935,0.600337028503418,0,-0.021345999091863632,-0.6003440022468567,0.7994570136070251,0,-0.0013000000035390258,2.6654999256134033,0,1,0.9985799789428711,0.042879000306129456,-0.03160100057721138,0,-0.010108999907970428,0.7350429892539978,0.6779450178146362,0,0.05229699984192848,-0.6766629815101624,0.7344329953193665,0,-0.8149999976158142,6.827199935913086,-0.11010000109672546,1,0.996724009513855,-0.07361499965190887,-0.03350299969315529,0,0.07471100240945816,0.6793090105056763,0.7300400137901306,0,-0.03098299913108349,-0.7301509976387024,0.6825829744338989,0,-0.011699999682605267,3.2567999362945557,0,1,0.9980649948120117,-0.059331998229026794,-0.018616000190377235,0,0.05860599875450134,0.7974179983139038,0.6005749702453613,0,-0.020788999274373055,-0.6005039811134338,0.7993519902229309,0,-0.000699999975040555,3.1779000759124756,0,1,0.998324990272522,0.04493200033903122,-0.0364530012011528,0,-0.006037999875843525,0.7074919939041138,0.7066959738731384,0,0.05754299834370613,-0.7052919864654541,0.7065780162811279,0,0.8988000154495239,6.77869987487793,-0.023000000044703484,1,0.996720016002655,-0.0736130028963089,-0.033622000366449356,0,0.07375600188970566,0.6552910208702087,0.7517669796943665,0,-0.0333079993724823,-0.7517809867858887,0.6585710048675537,0,-0.004000000189989805,2.9579999446868896,0,1,0.9979550242424011,-0.06077999994158745,-0.01979600079357624,0,0.060465000569820404,0.7971060276031494,0.6008039712905884,0,-0.020736999809741974,-0.6007720232009888,0.7991510033607483,0,0.0024999999441206455,2.7569000720977783,0,1,0.9966840147972107,-0.007930000312626362,-0.08098100125789642,0,0.0626240000128746,0.7101969718933105,0.7012119889259338,0,0.051952000707387924,-0.7039579749107361,0.7083389759063721,0,2.50219988822937,6.3907999992370605,0.08749999850988388,1,0.9993219971656799,-0.009251999668776989,-0.03564000129699707,0,0.03310199826955795,0.6496620178222656,0.7595019936561584,0,0.016126999631524086,-0.7601670026779175,0.6495280265808105,0,0.0031999999191612005,2.623699903488159,0,1,0.9968720078468323,-0.07382799685001373,-0.02822200022637844,0,0.07443500310182571,0.756850004196167,0.6493359804153442,0,-0.026579000055789948,-0.6494050025939941,0.7599779963493347,0,0.0038999998942017555,2.1321001052856445,0,1,0.1486539989709854,-0.07496999949216843,0.9860429763793945,0,-0.9414820075035095,-0.31575900316238403,0.11792799830436707,0,0.3025110065937042,-0.9458730220794678,-0.11752200126647949,0,-4.224100112915039,8.897299766540527,-0.03020000085234642,1,0.9354270100593567,-0.0013699999544769526,-0.353518009185791,0,0.23721200227737427,0.7438849806785583,0.6247919797897339,0,0.2621209919452667,-0.6683059930801392,0.6961749792098999,0,0,8.861000061035156,0,1,-0.4458619952201843,-0.8924790024757385,-0.06847599893808365,0,0.8924940228462219,-0.4490950107574463,0.04203899949789047,0,-0.06827100366353989,-0.0423710010945797,0.996766984462738,0,0,18.973600387573242,0,1,0.8377000093460083,-0.12394800037145615,-0.5318790078163147,0,0.3115279972553253,0.90836501121521,0.2789669930934906,0,0.44856300950050354,-0.3993859887123108,0.7995510101318359,0,0,19.898300170898438,0,1,0.8899099826812744,-0.4505630135536194,0.07108499854803085,0,0.40701499581336975,0.8547239899635315,0.32215800881385803,0,-0.20591099560260773,-0.2577590048313141,0.9440129995346069,0,2.062000036239624,2.147700071334839,1.2410000562667847,1,0.9976750016212463,0.06025499850511551,-0.03183700144290924,0,-0.053693998605012894,0.9826980233192444,0.17726099491119385,0,0.0419670008122921,-0.17513899505138397,0.9836490154266357,0,0.274399995803833,2.5659000873565674,0,1,0.9986699819564819,-0.0490959994494915,-0.015769999474287033,0,0.049529001116752625,0.9983710050582886,0.028317999094724655,0,0.014353999868035316,-0.029061999171972275,0.9994750022888184,0,-0.07670000195503235,2.7302000522613525,0,1,0.9904339909553528,-0.13690100610256195,-0.017302999272942543,0,0.1350959986448288,0.9364590048789978,0.32371801137924194,0,-0.028113000094890594,-0.32295799255371094,0.9459959864616394,0,2.5699000358581543,7.053800106048584,0.05090000107884407,1,0.9986720085144043,0.05022599920630455,0.011471999809145927,0,-0.05021800100803375,0.8992549777030945,0.4345319867134094,0,0.011508000083267689,-0.43453100323677063,0.900583028793335,0,-0.001500000013038516,2.8162999153137207,0,1,0.999576985836029,0.02884100005030632,0.0038479999639093876,0,-0.028860999271273613,0.9659389853477478,0.25715500116348267,0,0.003700000001117587,-0.25715699791908264,0.9663619995117188,0,0.0012000000569969416,2.6396000385284424,0,1,0.9966239929199219,-0.0000940000027185306,0.08210399746894836,0,-0.07836899906396866,0.297107994556427,0.9516220092773438,0,-0.024483000859618187,-0.9548439979553223,0.2960970103740692,0,0.765500009059906,7.018199920654297,-0.09040000289678574,1,0.9851940274238586,0.10489100217819214,0.1356160044670105,0,-0.10484399646520615,-0.25727200508117676,0.9606339931488037,0,0.13565200567245483,-0.9606289863586426,-0.242466002702713,0,0.008500000461935997,3.3401999473571777,0,1,0.9908159971237183,0.10897699743509293,0.08004800230264664,0,-0.10687199980020523,0.2684749960899353,0.9573400020599365,0,0.08283700048923492,-0.9571030139923096,0.2776559889316559,0,-0.007899999618530273,3.0566999912261963,0,1,0.9969450235366821,0.0007789999945089221,0.07810600101947784,0,-0.0748089998960495,0.297107994556427,0.9519090056419373,0,-0.022463999688625336,-0.9548439979553223,0.29625800251960754,0,-0.892300009727478,6.911099910736084,-0.12160000205039978,1,0.9838700294494629,0.10944300144910812,0.14150099456310272,0,-0.10935500264167786,-0.2580319941043854,0.9599279761314392,0,0.14156900346279144,-0.9599180221557617,-0.2419009953737259,0,-0.003000000026077032,2.9238998889923096,0,1,0.9908360242843628,0.1074410006403923,0.08185099810361862,0,-0.10821299999952316,0.2688159942626953,0.9570940136909485,0,0.08082800358533859,-0.9571809768676758,0.2779789865016937,0,0.0026000000070780516,2.7179999351501465,0,1,0.9994440078735352,0.00723899994045496,0.032540999352931976,0,-0.01686199940741062,0.9518380165100098,0.3061380088329315,0,-0.02875800058245659,-0.30651599168777466,0.9514309763908386,0,-2.4430999755859375,6.45359992980957,0.12549999356269836,1,0.9987540245056152,0.048746999353170395,0.01071999967098236,0,-0.04855800047516823,0.8992999792098999,0.4346280097961426,0,0.01154599990695715,-0.43460699915885925,0.9005460143089294,0,-0.0026000000070780516,2.6278998851776123,0,1,0.9994760155677795,0.03204499930143356,0.004461999982595444,0,-0.032113999128341675,0.9658259749412537,0.257192999124527,0,0.003932000137865543,-0.25720199942588806,0.9663500189781189,0,-0.0019000000320374966,2.122499942779541,0,1,-0.9823070168495178,-0.14295999705791473,0.12098100036382675,0,0.18308499455451965,-0.8690119981765747,0.4596729874610901,0,0.03941899910569191,0.4736889898777008,0.8798099756240845,0,7.557000160217285,-4.826300144195557,0.3005000054836273,1,0.9895269870758057,0.03797300159931183,0.13926100730895996,0,0.09237399697303772,0.5747569799423218,-0.8130940198898315,0,-0.11091700196266174,0.8174430131912231,0.5652300119400024,0,-0.12460000067949295,24.065799713134766,0.1046999990940094,1,0.9963110089302063,-0.0712829977273941,0.047784000635147095,0,-0.027393000200390816,0.26352301239967346,0.9642639756202698,0,-0.08132799714803696,-0.9620159864425659,0.2605989873409271,0,-0.006000000052154064,33.0630989074707,0.0038999998942017555,1,0.9998329877853394,-0.0023690001107752323,0.01809599995613098,0,-0.009908000007271767,0.7622110247612,0.6472529768943787,0,-0.015325999818742275,-0.6473249793052673,0.7620599865913391,0,-0.0052999998442828655,12.89330005645752,-0.515500009059906,1,-0.9732040166854858,0.1665869951248169,-0.15850099921226501,0,-0.22188299894332886,-0.8612509965896606,0.45718100666999817,0,-0.0603489987552166,0.48009899258613586,0.8751360177993774,0,-7.557000160217285,-4.826300144195557,0.3005000054836273,1,0.9985740184783936,-0.03975600004196167,-0.03563600033521652,0,-0.010924000293016434,0.5012069940567017,-0.865257978439331,0,0.05226000025868416,0.8644139766693115,0.5000579953193665,0,0.12479999661445618,24.070100784301758,-0.14489999413490295,1,0.9965819716453552,0.08220499753952026,0.008186000399291515,0,-0.02467699907720089,0.2016579955816269,0.9791449904441833,0,0.07884000241756439,-0.9760000109672546,0.20299799740314484,0,0.006000000052154064,33.0630989074707,0.0044999998062849045,1,0.9998350143432617,0.003129000077024102,-0.01790500059723854,0,0.01002500019967556,0.7267619967460632,0.6868159770965576,0,0.015161000192165375,-0.6868820190429688,0.7266110181808472,0,0.005400000140070915,12.718299865722656,-0.5224000215530396,1
K0.033,0.9719579815864563,0.048307012766599655,0.23013891279697418,0,-0.03813404217362404,0.9980970025062561,-0.04844989255070686,0,-0.23204191029071808,0.03831488639116287,0.9719510078430176,0,-1.4831409454345703,63.69138717651367,-0.38047367334365845,1,0.9998769760131836,0.015222984366118908,-0.0038430062122642994,0,-0.015180983580648899,0.9998260140419006,0.010863088071346283,0,0.004007007461041212,-0.010803088545799255,0.9999340176582336,0,0,3.962399959564209,-0.2743000090122223,1,0.9999309778213501,0.003171027870848775,-0.011267007328569889,0,-0.0019860249012708664,0.9946140050888062,0.1036311611533165,0,0.011535011231899261,-0.10360216349363327,0.9945520162582397,0,0,14.123299598693848,0.26440000534057617,1,0.99993497133255,-0.00007497733895434067,-0.011372005566954613,0,0.0012549801031127572,0.9946029782295227,0.10374817252159119,0,0.011303008534014225,-0.10375617444515228,0.9945390224456787,0,0,11.404500007629395,0.10610000044107437,1,0.9999930262565613,0.0007352704415097833,0.0035328923258930445,0,-0.0008932661730796099,0.9989910125732422,0.0449058972299099,0,-0.003496883437037468,-0.04490789398550987,0.9989849925041199,0,0,9.946700096130371,0,1,0.9915159344673157,-0.12990626692771912,-0.004438833333551884,0,0.1272880584001541,0.9773168563842773,-0.169260635972023,0,0.026325950399041176,0.16725949943065643,0.9855608344078064,0,0,8.579099655151367,0.11420000344514847,1,0.025224020704627037,0.04700600728392601,-0.9985759854316711,0,0.9337379932403564,-0.35789400339126587,0.0067390152253210545,0,-0.3570680022239685,-0.9325780272483826,-0.052919015288352966,0,4.224100112915039,8.89840030670166,-0.05660000070929527,1,0.9966210126876831,-0.059830646961927414,-0.05627064034342766,0,0.07947950810194016,0.5297451019287109,0.8444249629974365,0,-0.02071288786828518,-0.8460439443588257,0.532710075378418,0,0,8.861000061035156,0,1,0.5097531676292419,0.8599668741226196,0.024679990485310555,0,-0.8599788546562195,0.5085321664810181,0.04279099777340889,0,0.024247990921139717,-0.04303799569606781,0.9987789988517761,0,0,18.975200653076172,0,1,0.9926560521125793,-0.01933099329471588,-0.11941558867692947,0,0.0002970960922539234,0.9875370860099792,-0.15738853812217712,0,0.12096959352493286,0.15619653463363647,0.9802901148796082,0,0,19.895999908447266,0,1,0.8961290121078491,0.4382399916648865,-0.06999299675226212,0,-0.3947420120239258,0.8591790199279785,0.325560986995697,0,0.20281000435352325,-0.26411500573158264,0.9429270029067993,0,-2.088900089263916,2.1412999629974365,1.2094000577926636,1,0.8769649863243103,-0.44994911551475525,0.16875481605529785,0,0.4259011149406433,0.890377938747406,0.16073203086853027,0,-0.22257687151432037,-0.06908407807350159,0.9724640250205994,0,-0.329800009727478,2.5601000785827637,0,1,0.9797459840774536,-0.17415806651115417,0.09882892668247223,0,0.17391106486320496,0.9846979975700378,0.011171036399900913,0,-0.09926193207502365,0.006242956500500441,0.9950420260429382,0,0.07689999788999557,2.7272000312805176,0,1,0.9987050294876099,0.041205983608961105,-0.029853016138076782,0,-0.00820996705442667,0.7095049023628235,0.7046531438827515,0,0.050216998904943466,-0.7034951448440552,0.708923876285553,0,-2.5859999656677246,6.942299842834473,0.02969999983906746,1,0.9958750009536743,-0.08240803331136703,-0.03796403482556343,0,0.0824570283293724,0.6474336981773376,0.757648229598999,0,-0.0378580316901207,-0.7576532363891602,0.6515576839447021,0,0.0010000000474974513,2.844899892807007,0,1,0.9975569844245911,-0.06598101556301117,-0.022939013317227364,0,0.06605501472949982,0.7841688990592957,0.6170221567153931,0,-0.022723013535141945,-0.6170302033424377,0.7866118550300598,0,-0.0013000000035390258,2.6654999256134033,0,1,0.9986010193824768,0.040173985064029694,-0.03437001630663872,0,-0.004315967205911875,0.7098639011383057,0.7043260931968689,0,0.05269400030374527,-0.7031931281089783,0.7090438604354858,0,-0.8149999976158142,6.827199935913086,-0.11010000109672546,1,0.9963840246200562,-0.07656402885913849,-0.03682403266429901,0,0.0777750313282013,0.6475536823272705,0.7580402493476868,0,-0.03419303148984909,-0.7581632137298584,0.6511676907539368,0,-0.011699999682605267,3.2567999362945557,0,1,0.9979299902915955,-0.06114901974797249,-0.0198920127004385,0,0.06037101522088051,0.7844318747520447,0.6172701716423035,0,-0.022142013534903526,-0.6171931624412537,0.7864998579025269,0,-0.000699999975040555,3.1779000759124756,0,1,0.9983339905738831,0.04272998869419098,-0.03878401592373848,0,-0.000996971968561411,0.684769868850708,0.7287591099739075,0,0.057698000222444534,-0.7275061011314392,0.6836708784103394,0,0.8988000154495239,6.77869987487793,-0.023000000044703484,1,0.9964500069618225,-0.07594101876020432,-0.03634102642536163,0,0.07609602063894272,0.6277626752853394,0.7746762633323669,0,-0.03601602464914322,-0.7746922373771667,0.6313127875328064,0,-0.004000000189989805,2.9579999446868896,0,1,0.997829020023346,-0.062413014471530914,-0.021038012579083443,0,0.0620800144970417,0.7845258712768555,0.6169812083244324,0,-0.022003013640642166,-0.6169471740722656,0.7866968512535095,0,0.0024999999441206455,2.7569000720977783,0,1,0.9963539838790894,-0.00867400411516428,-0.08487102389335632,0,0.06754402816295624,0.6879168748855591,0.7226400971412659,0,0.05211599916219711,-0.7257381081581116,0.6859948635101318,0,2.50219988822937,6.3907999992370605,0.08749999850988388,1,0.9991919994354248,-0.011668022722005844,-0.0384640246629715,0,0.03735904023051262,0.6226637363433838,0.7815971970558167,0,0.01483098603785038,-0.7824021577835083,0.6225967407226562,0,0.0031999999191612005,2.623699903488159,0,1,0.9967340230941772,-0.07517701387405396,-0.029492013156414032,0,0.07581101357936859,0.7452488541603088,0.6624631285667419,0,-0.027823010459542274,-0.6625351309776306,0.7485138773918152,0,0.0038999998942017555,2.1321001052856445,0,1,0.14940904080867767,-0.07517901062965393,0.9859129786491394,0,-0.941309928894043,-0.31604114174842834,0.11855002492666245,0,0.30267712473869324,-0.9457619190216064,-0.1179860383272171,0,-4.224100112915039,8.897299766540527,-0.03020000085234642,1,0.9129618406295776,0.021221039816737175,-0.40749233961105347,0,0.2596551775932312,0.7401500344276428,0.6202878952026367,0,0.31476929783821106,-0.672106921672821,0.6702188849449158,0,0,8.861000061035156,0,1,-0.512355387210846,-0.8557827472686768,-0.07160801440477371,0,0.8557977676391602,-0.5157373547554016,0.04030998796224594,0,-0.07142801582813263,-0.04062898829579353,0.9966179728507996,0,0,18.973600387573242,0,1,0.7841044664382935,-0.09813083708286285,-0.6128226518630981,0,0.3307602107524872,0.9015799164772034,0.2788379490375519,0,0.5251455903053284,-0.4213361442089081,0.73939049243927,0,0,19.898300170898438,0,1,0.8899099826812744,-0.4505630135536194,0.07108499854803085,0,0.40701499581336975,0.8547239899635315,0.32215800881385803,0,-0.20591099560260773,-0.2577579915523529,0.9440129995346069,0,2.062000036239624,2.147700071334839,1.2410000562667847,1,0.997160017490387,0.07215812802314758,-0.02156190015375614,0,-0.06767014414072037,0.984138011932373,0.16399286687374115,0,0.03305291011929512,-0.16206786036491394,0.9862260222434998,0,0.274399995803833,2.5659000873565674,0,1,0.9990320205688477,-0.04266193136572838,-0.010675949044525623,0,0.04288693144917488,0.9988420009613037,0.021813932806253433,0,0.009732953272759914,-0.02224993146955967,0.9997050166130066,0,-0.07670000195503235,2.7302000522613525,0,1,0.99064701795578,-0.13530097901821136,-0.017667002975940704,0,0.13335298001766205,0.9325799345970154,0.33542710542678833,0,-0.028907008469104767,-0.3346461057662964,0.9419009685516357,0,2.5699000358581543,7.053800106048584,0.05090000107884407,1,0.9988800287246704,0.0463239811360836,0.009658991359174252,0,-0.04631698131561279,0.9153140783309937,0.40006881952285767,0,0.009691991843283176,-0.40006881952285767,0.9164340496063232,0,-0.001500000013038516,2.8162999153137207,0,1,0.9996359944343567,0.02675699070096016,0.003311997512355447,0,-0.026772990822792053,0.9707080125808716,0.23876690864562988,0,0.00317399762570858,-0.23876890540122986,0.9710710048675537,0,0.0012000000569969416,2.6396000385284424,0,1,0.9965429902076721,0.00018200294289272279,0.08308100700378418,0,-0.07960401475429535,0.288350909948349,0.9542099833488464,0,-0.023782992735505104,-0.9575250148773193,0.28736791014671326,0,0.765500009059906,7.018199920654297,-0.09040000289678574,1,0.9856330156326294,0.10577201098203659,0.1316789835691452,0,-0.10572601109743118,-0.2216128259897232,0.9693860411643982,0,0.13171498477458954,-0.9693810343742371,-0.2072458267211914,0,0.008500000461935997,3.3401999473571777,0,1,0.9910330176353455,0.10841000080108643,0.0781099945306778,0,-0.1063539981842041,0.28611910343170166,0.9522730112075806,0,0.08088698983192444,-0.95204097032547,0.2950840890407562,0,-0.007899999618530273,3.0566999912261963,0,1,0.9968670010566711,0.00109100341796875,0.07909100502729416,0,-0.07604501396417618,0.288350909948349,0.9545000195503235,0,-0.021763993427157402,-0.9575240015983582,0.28753089904785156,0,-0.892300009727478,6.911099910736084,-0.12160000205039978,1,0.9843189716339111,0.11046900600194931,0.13752397894859314,0,-0.1103840097784996,-0.22237782180309296,0.9686920642852783,0,0.13759298622608185,-0.968682050704956,-0.20669682323932648,0,-0.003000000026077032,2.9238998889923096,0,1,0.9910590052604675,0.10686899721622467,0.07987799495458603,0,-0.10762199759483337,0.2864590883255005,0.9520289897918701,0,0.07886099070310593,-0.9521139860153198,0.29539909958839417,0,0.0026000000070780516,2.7179999351501465,0,1,0.9993889927864075,0.008226010017096996,0.03396301344037056,0,-0.018604017794132233,0.9479639530181885,0.31783512234687805,0,-0.029582008719444275,-0.31827312707901,0.9475379586219788,0,-2.4430999755859375,6.45359992980957,0.12549999356269836,1,0.9989519715309143,0.044880982488393784,0.008979992009699345,0,-0.04472197964787483,0.9153550863265991,0.40015682578086853,0,0.009739991277456284,-0.40013882517814636,0.91640305519104,0,-0.0026000000070780516,2.6278998851776123,0,1,0.9995419979095459,0.03000299073755741,0.0038899974897503853,0,-0.030063990503549576,0.9706019759178162,0.23880290985107422,0,0.0033889974001795053,-0.23881091177463531,0.9710599780082703,0,-0.0019000000320374966,2.122499942779541,0,1,-0.9810280203819275,-0.14582698047161102,0.12774503231048584,0,0.1896980106830597,-0.8579728007316589,0.4773862659931183,0,0.03998597711324692,0.49256229400634766,0.8693588376045227,0,7.557000160217285,-4.826300144195557,0.3005000054836273,1,0.9898340106010437,0.028460916131734848,0.1393509954214096,0,0.09829206019639969,0.5712629556655884,-0.8148600459098816,0,-0.10279792547225952,0.8202730417251587,0.5626579523086548,0,-0.12460000067949295,24.065799713134766,0.1046999990940094,1,0.9962509870529175,-0.07000499963760376,0.050817057490348816,0,-0.029859043657779694,0.2730511426925659,0.9615359306335449,0,-0.08118802309036255,-0.9594489336013794,0.269937127828598,0,-0.006000000052154064,33.0630989074707,0.0038999998942017555,1,0.9998329877853394,-0.002376000164076686,0.01809700019657612,0,-0.009909999556839466,0.7619649767875671,0.6475419998168945,0,-0.01532800029963255,-0.6476140022277832,0.7618150115013123,0,-0.0052999998442828655,12.89330005645752,-0.515500009059906,1,-0.9736660122871399,0.16459102928638458,-0.15775005519390106,0,-0.22069206833839417,-0.8540318012237549,0.4710882604122162,0,-0.05718696862459183,0.49349626898765564,0.867865800857544,0,-7.557000160217285,-4.826300144195557,0.3005000054836273,1,0.9979760050773621,-0.04574801027774811,-0.04417307302355766,0,-0.01540006697177887,0.5000818967819214,-0.8658410310745239,0,0.06170104444026947,0.8647690415382385,0.4983658790588379,0,0.12479999661445618,24.070100784301758,-0.14489999413490295,1,0.9963459968566895,0.08498802036046982,0.008438000455498695,0,-0.025963010266423225,0.20727907121181488,0.9779369831085205,0,0.08136401325464249,-0.9745830297470093,0.20872807502746582,0,0.006000000052154064,33.0630989074707,0.0044999998062849045,1,0.9998350143432617,0.0030919997952878475,-0.017897000536322594,0,0.010014999657869339,0.728173017501831,0.6853200197219849,0,0.015150999650359154,-0.6853870153427124,0.7280219793319702,0,0.005400000140070915,12.718299865722656,-0.5224000215530396,1
