2.200,30,66,65
B0,mixamorig_Hips,-1,0.9867905974388123,-0.15970180928707123,-0.026249490678310394,0,0.15730831027030945,0.9845353364944458,-0.0770295113325119,0,0.038138993084430695,0.07187198847532272,0.9966562390327454,0,-10.143877029418945,65.0273666381836,6.971920013427734,1
B1,mixamorig_Spine,0,0.9952855706214905,-0.09685632586479187,-0.003657574998214841,0,0.0955042690038681,0.9736201763153076,0.2072097212076187,0,-0.016505304723978043,-0.20658916234970093,0.9782828688621521,0,0,3.962399959564209,-0.2743000090122223,1
B2,mixamorig_Spine1,1,0.9996615052223206,0.02573477104306221,0.003333806525915861,0,-0.02573450841009617,0.9996668696403503,0.0001487503614043817,0,-0.003331389045342803,-0.00023540477559436113,0.999993622303009,0,0,14.123299598693848,0.26440000534057617,1
B3,mixamorig_Spine2,2,0.9996615052223206,0.02581276372075081,0.0026652291417121887,0,-0.025812963023781776,0.9996649026870728,0.00021560660388786346,0,-0.002660811645910144,-0.000284929177723825,0.9999955892562866,0,0,11.404500007629395,0.10610000044107437,1
B4,mixamorig_Neck,3,0.9909445643424988,-0.01834036223590374,0.13294579088687897,0,-0.0008795546018518507,0.9897007942199707,0.14313049614429474,0,-0.13419975340366364,-0.1419459581375122,0.9807265996932983,0,0,9.946700096130371,0,1
B5,mixamorig_Head,4,0.6900584101676941,0.16559375822544098,0.7042504549026489,0,-0.29580914974212646,0.952973484992981,0.06569191813468933,0,-0.6602963805198669,-0.253583163022995,0.7066004276275635,0,0,8.579099655151367,0.11420000344514847,1
B6,mixamorig_HeadTop_End,5,1,0,0,0,0,1,0,0,0,0,1,0,0,25.089099884033203,0.33390000462532043,1
B7,mixamorig_LeftShoulder,3,0.01590493880212307,0.011317333206534386,-0.9997912645339966,0,0.9890291690826416,-0.1468580663204193,0.014059524051845074,0,-0.14665941894054413,-0.9890785813331604,-0.013556817546486855,0,4.224100112915039,8.89840030670166,-0.05660000070929527,1
B8,mixamorig_LeftArm,7,0.8015525341033936,0.5814273357391357,-0.13729004561901093,0,-0.5658429861068726,0.8123313784599304,0.13910314440727234,0,0.1928577721118927,-0.03389696776866913,0.9802955985069275,0,0,8.861000061035156,0,1
B9,mixamorig_LeftForeArm,8,0.9999890923500061,0.004596238490194082,0.00028700000257231295,0,-0.004596238490194082,0.9999896287918091,0.00022912536223884672,0,-0.0002859999949578196,-0.0002301253698533401,1,0,0,18.975200653076172,0,1
B10,mixamorig_LeftHand,9,0.7858448028564453,-0.530370831489563,-0.31694161891937256,0,0.5596851110458374,0.8285664319992065,0.0006039195577614009,0,0.26208174228668213,-0.17808346450328827,0.948154866695404,0,0,19.895999908447266,0,1
B11,mixamorig_LeftHandThumb1,10,0.8961290121078491,0.4382399916648865,-0.06999299675226212,0,-0.3947420120239258,0.8591790199279785,0.325560986995697,0,0.20281000435352325,-0.26411500573158264,0.9429270029067993,0,-2.088900089263916,2.1412999629974365,1.2094000577926636,1
B12,mixamorig_LeftHandThumb2,11,0.9999949932098389,0.001878533628769219,-0.0024349999148398638,0,-0.0018289999570697546,0.9997979998588562,0.020005999132990837,0,0.002471999963745475,-0.0200009997934103,0.999796986579895,0,-0.329800009727478,2.5601000785827637,0,1
B13,mixamorig_LeftHandThumb3,12,0.9985569715499878,0.05277400091290474,-0.009902000427246094,0,-0.05314499884843826,0.9977049827575684,-0.04196099936962128,0,0.007664000149816275,0.042426999658346176,0.9990699887275696,0,0.07689999788999557,2.7272000312805176,0,1
B14,mixamorig_LeftHandThumb4,13,1,0,0,0,0,1,0,0,0,0,1,0,0.25290000438690186,2.237600088119507,0,1
B15,mixamorig_LeftHandIndex1,10,0.979441225528717,0.20172864198684692,0.000234226681641303,0,-0.20172016322612762,0.97940993309021,-0.008027222938835621,0,-0.0018487634370103478,0.007814823649823666,0.9999676942825317,0,-2.5859999656677246,6.942299842834473,0.02969999983906746,1
B16,mixamorig_LeftHandIndex2,15,0.9999764561653137,-0.006870433688163757,-0.00019773562962654978,0,0.006870433688163757,0.9984121918678284,0.055909447371959686,0,-0.00018673563317861408,-0.055909447371959686,0.9984357357025146,0,0.0010000000474974513,2.844899892807007,0,1
B17,mixamorig_LeftHandIndex3,16,1,0.0007270327769219875,0.0000025336405542475404,0,-0.0007270327769219875,0.9999995231628418,-0.0010049534030258656,0,-0.0000034663444239413366,0.0010049534030258656,0.9999995231628418,0,-0.0013000000035390258,2.6654999256134033,0,1
B18,mixamorig_LeftHandIndex4,17,1,0,0,0,0,1,0,0,0,0,1,0,0.0003000000142492354,2.2973999977111816,0,1
B19,mixamorig_LeftHandMiddle1,10,0.993355393409729,0.11508163064718246,-0.001133067300543189,0,-0.11508417129516602,0.9932049512863159,-0.017299486324191093,0,-0.000865696172695607,0.017314689233899117,0.9998495578765869,0,-0.8149999976158142,6.827199935913086,-0.11010000109672546,1
B20,mixamorig_LeftHandMiddle2,19,0.9999970197677612,-0.002558366162702441,-0.00002220197166025173,0,0.0025558997876942158,0.9984161853790283,0.056202977895736694,0,-0.00012206732935737818,-0.056202977895736694,0.9984192252159119,0,-0.011699999682605267,3.2567999362945557,0,1
B21,mixamorig_LeftHandMiddle3,20,0.9999880194664001,0.004926634021103382,-0.0002593316894490272,0,-0.004927100148051977,0.9999870657920837,-0.0010039533954113722,0,0.00025453363195993006,0.0010054870508611202,0.9999995231628418,0,-0.000699999975040555,3.1779000759124756,0,1
B22,mixamorig_LeftHandMiddle4,21,1,0,0,0,0,1,0,0,0,0,1,0,0.012400000356137753,2.6951000690460205,0,1
B23,mixamorig_LeftHandRing1,10,0.9950558543205261,0.099051833152771,-0.007305072620511055,0,-0.09783122688531876,0.9901696443557739,0.09996484220027924,0,0.017134899273514748,-0.09875617921352386,0.9949643015861511,0,0.8988000154495239,6.77869987487793,-0.023000000044703484,1
B24,mixamorig_LeftHandRing2,23,0.9998844861984253,-0.015145164914429188,-0.0013470049016177654,0,0.015149697661399841,0.984800398349762,0.17302604019641876,0,-0.0012940049637109041,-0.17302657663822174,0.9849159717559814,0,-0.004000000189989805,2.9579999446868896,0,1
B25,mixamorig_LeftHandRing3,24,1,-0.00016323158342856914,0.000004533655555860605,0,0.00016323158342856914,0.9999995231628418,-0.001005953410640359,0,-0.000004000020453531761,0.001005953410640359,0.9999995231628418,0,0.0024999999441206455,2.7569000720977783,0,1
B26,mixamorig_LeftHandRing4,25,1,0,0,0,0,1,0,0,0,0,1,0,0.001500000013038516,2.3345999717712402,0,1
B27,mixamorig_LeftHandPinky1,10,0.9967471361160278,-0.07623148709535599,-0.026147592812776566,0,0.07895077019929886,0.9887682199478149,0.12690097093582153,0,0.0161797646433115,-0.12855291366577148,0.9915703535079956,0,2.50219988822937,6.3907999992370605,0.08749999850988388,1
B28,mixamorig_LeftHandPinky2,27,0.998846173286438,0.04798070341348648,-0.0021277405321598053,0,-0.04622969776391983,0.9725178480148315,0.22819316387176514,0,0.013017947785556316,-0.227831169962883,0.9736132025718689,0,0.0031999999191612005,2.623699903488159,0,1
B29,mixamorig_LeftHandPinky3,28,0.9999840259552002,-0.005681899841874838,-0.00014413465396501124,0,0.0056814332492649555,0.999983012676239,-0.0010054870508611202,0,0.00014993267541285604,0.0010049534030258656,0.9999995231628418,0,0.0038999998942017555,2.1321001052856445,0,1
B30,mixamorig_LeftHandPinky4,29,1,0,0,0,0,1,0,0,0,0,1,0,-0.0071000000461936,1.7932000160217285,0,1
B31,mixamorig_RightShoulder,3,0.23800021409988403,-0.09115520119667053,0.9669478535652161,0,-0.9182208776473999,-0.3454703390598297,0.19346824288368225,0,0.3164164423942566,-0.9339702129364014,-0.1658805012702942,0,-4.224100112915039,8.897299766540527,-0.03020000085234642,1
B32,mixamorig_RightArm,31,0.5448436141014099,-0.7900920510292053,0.28078263998031616,0,0.5532281994819641,0.5902852416038513,0.5876023173332214,0,-0.630099356174469,-0.16475854814052582,0.7587180137634277,0,0,8.861000061035156,0,1
B33,mixamorig_RightForeArm,32,0.9861580729484558,-0.16338703036308289,-0.0010240036062896252,0,0.16339057683944702,0.9861268401145935,0.007696431130170822,0,-0.0002850708842743188,-0.007756636943668127,0.9999687671661377,0,0,18.973600387573242,0,1
B34,mixamorig_RightHand,33,0.9673633575439453,-0.04051244631409645,0.2498321235179901,0,-0.004915929399430752,0.9835422039031982,0.17866934835910797,0,-0.2532719373703003,-0.17409896850585938,0.9513098001480103,0,0,19.898300170898438,0,1
B35,mixamorig_RightHandThumb1,34,0.8899099826812744,-0.4505630135536194,0.07108499854803085,0,0.40701499581336975,0.8547239899635315,0.32215800881385803,0,-0.20591099560260773,-0.2577590048313141,0.9440129995346069,0,2.062000036239624,2.147700071334839,1.2410000562667847,1
B36,mixamorig_RightHandThumb2,35,0.999442994594574,0.03312699869275093,0.004098999779671431,0,-0.03324653580784798,0.9988790154457092,0.033695999532938004,0,-0.0029780000913888216,-0.03381400182843208,0.9994239807128906,0,0.274399995803833,2.5659000873565674,0,1
B37,mixamorig_RightHandThumb3,36,0.9980970025062561,-0.061124999076128006,0.008104000240564346,0,0.061413999646902084,0.997215986251831,-0.04228699952363968,0,-0.005496533587574959,0.04270400106906891,0.9990730285644531,0,-0.07670000195503235,2.7302000522613525,0,1
B38,mixamorig_RightHandThumb4,37,1,0,0,0,0,1,0,0,0,0,1,0,-0.19769999384880066,2.24429988861084,0,1
B39,mixamorig_RightHandIndex1,34,0.984093964099884,-0.17752937972545624,-0.0053177401423454285,0,0.1774873435497284,0.9815725088119507,0.06514803320169449,0,-0.006259883753955364,-0.0650649219751358,0.9974780082702637,0,2.5699000358581543,7.053800106048584,0.05090000107884407,1
B40,mixamorig_RightHandIndex2,39,0.9998068809509277,0.019568225368857384,0.0016102836234495044,0,-0.019567225128412247,0.9862589240074158,0.16388195753097534,0,0.0016248172614723444,-0.16388142108917236,0.9864519834518433,0,-0.001500000013038516,2.8162999153137207,0,1
B41,mixamorig_RightHandIndex3,40,0.9999664425849915,0.0075618489645421505,0.0003256001218687743,0,-0.0075634499080479145,0.9971630573272705,0.06950268894433975,0,0.0002879900566767901,-0.06950315833091736,0.997197151184082,0,0.0012000000569969416,2.6396000385284424,0,1
B42,mixamorig_RightHandIndex4,41,1,0,0,0,0,1,0,0,0,0,1,0,0.0003000000142492354,2.241499900817871,0,1
B43,mixamorig_RightHandMiddle1,34,0.9951608180999756,-0.09819640219211578,0.0018101473106071353,0,0.09789647161960602,0.9931871891021729,0.05673130974173546,0,-0.007283637300133705,-0.05628915876150131,0.9980029463768005,0,0.765500009059906,7.018199920654297,-0.09040000289678574,1
B44,mixamorig_RightHandMiddle2,43,0.9999127984046936,0.013126418925821781,0.0010851355036720634,0,-0.013126418925821781,0.9863577485084534,0.1639270782470703,0,0.0010866691591218114,-0.1639270782470703,0.9864449501037598,0,0.008500000461935997,3.3401999473571777,0,1
B45,mixamorig_RightHandMiddle3,44,0.9999444484710693,0.010089879855513573,0.00021865822782274336,0,-0.010076874867081642,0.9971399307250977,0.06952016800642014,0,0.0005683721392415464,-0.06951863318681717,0.9971954822540283,0,-0.007899999618530273,3.0566999912261963,0,1
B46,mixamorig_RightHandMiddle4,45,1,0,0,0,0,1,0,0,0,0,1,0,-0.0006000000284984708,2.6394999027252197,0,1
B47,mixamorig_RightHandRing1,34,0.9983536601066589,-0.057100437581539154,0.004305577836930752,0,0.05625671520829201,0.9922246932983398,0.1074686199426651,0,-0.01032253261655569,-0.10705894976854324,0.9938135147094727,0,-0.892300009727478,6.911099910736084,-0.12160000205039978,1
B48,mixamorig_RightHandRing2,47,0.9996395111083984,0.026666486635804176,0.0029400463681668043,0,-0.026664486154913902,0.9754989147186279,0.21826070547103882,0,0.002958046505227685,-0.21826070547103882,0.9758594036102295,0,-0.003000000026077032,2.9238998889923096,0,1
B49,mixamorig_RightHandRing3,48,0.9999700784683228,0.007037979084998369,0.0003160664637107402,0,-0.007040113676339388,0.99716717004776,0.0695047602057457,0,0.0002605145564302802,-0.0695047602057457,0.997196614742279,0,0.0026000000070780516,2.7179999351501465,0,1
B50,mixamorig_RightHandRing4,49,1,0,0,0,0,1,0,0,0,0,1,0,0.0003000000142492354,2.3796000480651855,0,1
B51,mixamorig_RightHandPinky1,34,0.9996212720870972,0.01856696791946888,0.019856713712215424,0,-0.02147001586854458,0.9875686168670654,0.15324488282203674,0,-0.016680562868714333,-0.1536226123571396,0.9876031279563904,0,-2.4430999755859375,6.45359992980957,0.12549999356269836,1
B52,mixamorig_RightHandPinky2,51,0.9995258450508118,0.03052174113690853,0.003969930112361908,0,-0.03044947236776352,0.9617848992347717,0.27200958132743835,0,0.0044893380254507065,-0.2720010578632355,0.9622589945793152,0,-0.0026000000070780516,2.6278998851776123,0,1
B53,mixamorig_RightHandPinky3,52,0.9999327063560486,0.011162884533405304,0.000546304858289659,0,-0.011171153746545315,0.9971287846565247,0.06951449811458588,0,0.00031681108521297574,-0.06951602548360825,0.9971960186958313,0,-0.0019000000320374966,2.122499942779541,0,1
B54,mixamorig_RightHandPinky4,53,1,0,0,0,0,1,0,0,0,0,1,0,0.0044999998062849045,1.7920000553131104,0,1
B55,mixamorig_LeftUpLeg,0,-0.7980155348777771,-0.5088760256767273,0.32281234860420227,0,0.5997479557991028,-0.7181592583656311,0.35033005475997925,0,0.05364726111292839,0.4732314944267273,0.8782709240913391,0,7.557000160217285,-4.826300144195557,0.3005000054836273,1
B56,mixamorig_LeftLeg,55,0.9869094491004944,0.06242222338914871,0.14854753017425537,0,0.005340115632861853,0.9076157212257385,-0.41810858249664307,0,-0.16110040247440338,0.4134482443332672,0.8953852653503418,0,-0.12460000067949295,24.065799713134766,0.1046999990940094,1
B57,mixamorig_LeftFoot,56,0.9929354786872864,-0.10135257244110107,0.04920409247279167,0,0.009019420482218266,0.5078439712524414,0.8613840937614441,0,-0.11227983981370926,-0.8549495339393616,0.5050480961799622,0,-0.006000000052154064,33.0630989074707,0.0038999998942017555,1
B58,mixamorig_LeftToeBase,57,0.9998490214347839,0,0.0173530001193285,0,-0.009367000311613083,0.8417930006980896,0.5397199988365173,0,-0.014607466757297516,-0.5398010015487671,0.8416659832000732,0,-0.0052999998442828655,12.89330005645752,-0.515500009059906,1
B59,mixamorig_LeftToe_End,58,1,0,0,0,0,1,0,0,0,0,1,0,0.0142000000923872,6.42080020904541,0.007899999618530273,1
B60,mixamorig_RightUpLeg,0,-0.9931618571281433,0.06644358485937119,-0.09545977413654327,0,-0.08764656633138657,-0.9672924280166626,0.2379324734210968,0,-0.07650762051343918,0.24470023810863495,0.9665046334266663,0,-7.557000160217285,-4.826300144195557,0.3005000054836273,1
B61,mixamorig_RightLeg,60,0.9781053066253662,-0.028473790735006332,0.2061474770307541,0,0.13744249939918518,0.8321789503097534,-0.5371865034103394,0,-0.15625017881393433,0.5537592172622681,0.8178750872612,0,0.12479999661445618,24.070100784301758,-0.14489999413490295,1
B62,mixamorig_RightFoot,61,0.9403786063194275,0.23575864732265472,0.24391819536685944,0,-0.31605368852615356,0.3534676730632782,0.8792717456817627,0,0.12045612186193466,-0.9045931696891785,0.4066139757633209,0,0.006000000052154064,33.0630989074707,0.0044999998062849045,1
B63,mixamorig_RightToeBase,62,0.999845027923584,0.0022107521072030067,-0.017484135925769806,0,0.009796539321541786,0.7547436952590942,0.6551979184150696,0,0.014655065722763538,-0.6552672386169434,0.7546046376228333,0,0.005400000140070915,12.718299865722656,-0.5224000215530396,1
B64,mixamorig_RightToe_End,63,1,0,0,0,0,1,0,0,0,0,1,0,-0.0142000000923872,6.412099838256836,0.007899999618530273,1
@52,0,1,2,3,4,5,7,8,9,10,11,12,13,15,16,17,19,20,21,23,24,25,27,28,29,31,32,33,34,35,36,37,39,40,41,43,44,45,47,48,49,51,52,53,55,56,57,58,60,61,62,63
K0.000,0.9986180067062378,0.051006000488996506,0.01268799975514412,0,-0.049341000616550446,0.992913007736206,-0.10811299830675125,0,-0.018112000077962875,0.10733699798583984,0.9940580129623413,0,11.858521461486816,64.94365692138672,5.064757823944092,1,0.9946860074996948,0.0564970001578331,0.0860700011253357,0,-0.08422400057315826,0.9273260235786438,0.364654004573822,0,-0.059213001281023026,-0.36996498703956604,0.9271569848060608,0,0,3.962399959564209,-0.2743000090122223,1,0.9986950159072876,-0.05090700089931488,0.00405499991029501,0,0.050971999764442444,0.998537003993988,-0.018036000430583954,0,-0.003131000092253089,0.018218999728560448,0.9998289942741394,0,0,14.123299598693848,0.26440000534057617,1,0.9987040162086487,-0.05049600079655647,0.006364999804645777,0,0.05060400068759918,0.9985520243644714,-0.01824899949133396,0,-0.0054339999333024025,0.018547000363469124,0.9998130202293396,0,0,11.404500007629395,0.10610000044107437,1,0.9996799826622009,0.02528800070285797,-0.0007590000168420374,0,-0.025129999965429306,0.9960190057754517,0.08552099764347076,0,0.002919000107795,-0.08547399938106537,0.9963359832763672,0,0,9.946700096130371,0,1,0.9983519911766052,-0.023552000522613525,-0.05232900008559227,0,0.022664999589323997,0.9995899796485901,-0.01747800037264824,0,0.05271900072693825,0.016263000667095184,0.9984769821166992,0,0,8.579099655151367,0.11420000344514847,1,0.022417999804019928,0.024090999737381935,-0.9994580149650574,0,0.942458987236023,-0.3340660035610199,0.013086999766528606,0,-0.3335700035095215,-0.9422420263290405,-0.030193999409675598,0,4.224100112915039,8.89840030670166,-0.05660000070929527,1,0.5596089959144592,0.7580029964447021,-0.33506500720977783,0,-0.4038049876689911,0.602446973323822,0.688476026058197,0,0.7237259745597839,-0.2499769926071167,0.6432210206985474,0,0,8.861000061035156,0,1,0.6273750066757202,0.7784900069236755,0.018828000873327255,0,-0.7785009741783142,0.6264470219612122,0.03873699903488159,0,0.018362000584602356,-0.03895999863743782,0.9990720152854919,0,0,18.975200653076172,0,1,0.9100250005722046,-0.2517459988594055,-0.3293600082397461,0,0.22136199474334717,0.9668369889259338,-0.1273760050535202,0,0.35050299763679504,0.04300700128078461,0.9355729818344116,0,0,19.895999908447266,0,1,0.8961290121078491,0.4382399916648865,-0.06999299675226212,0,-0.3947420120239258,0.8591790199279785,0.325560986995697,0,0.20281000435352325,-0.26411500573158264,0.9429270029067993,0,-2.088900089263916,2.1412999629974365,1.2094000577926636,1,0.9999949932098389,0.0018789999885484576,-0.0024349999148398638,0,-0.0018289999570697546,0.9997979998588562,0.020005999132990837,0,0.002471999963745475,-0.0200009997934103,0.999796986579895,0,-0.329800009727478,2.5601000785827637,0,1,0.9985569715499878,0.05277400091290474,-0.009902000427246094,0,-0.05314499884843826,0.9977049827575684,-0.04196099936962128,0,0.007664000149816275,0.042426999658346176,0.9990699887275696,0,0.07689999788999557,2.7272000312805176,0,1,0.9794629812240601,0.20162199437618256,0.00031999999191612005,0,-0.20161500573158264,0.9794399738311768,-0.007029000204056501,0,-0.0017310000257566571,0.006819999776780605,0.9999750256538391,0,-2.5859999656677246,6.942299842834473,0.02969999983906746,1,0.9999759793281555,-0.006978999823331833,-0.00020399999630171806,0,0.006978999823331833,0.998354971408844,0.05691299960017204,0,-0.00019299999985378236,-0.05691299960017204,0.9983789920806885,0,0.0010000000474974513,2.844899892807007,0,1,1,0.0006179999909363687,0.0000019999999949504854,0,-0.0006179999909363687,1,0,0,-0.0000019999999949504854,0,1,0,-0.0013000000035390258,2.6654999256134033,0,1,0.9933680295944214,0.11497700214385986,-0.0011350000277161598,0,-0.11497999727725983,0.9932339787483215,-0.016295000910758972,0,-0.0007459999760612845,0.01631700061261654,0.9998670220375061,0,-0.8149999976158142,6.827199935913086,-0.11010000109672546,1,0.9999960064888,-0.0026650000363588333,-0.000028000000384054147,0,0.002662000013515353,0.9983590245246887,0.05720699951052666,0,-0.00012399999832268804,-0.05720699951052666,0.9983620047569275,0,-0.011699999682605267,3.2567999362945557,0,1,0.9999880194664001,0.004821000155061483,-0.00025499999173916876,0,-0.004821000155061483,0.9999880194664001,0,0,0.00025499999173916876,0,1,0,-0.000699999975040555,3.1779000759124756,0,1,0.9950649738311768,0.09895200282335281,-0.007323000114411116,0,-0.09771399945020676,0.9900799989700317,0.1009650006890297,0,0.01724099926650524,-0.09975100308656693,0.994862973690033,0,0.8988000154495239,6.77869987487793,-0.023000000044703484,1,0.9998829960823059,-0.015244999900460243,-0.0013630000175908208,0,0.015250000171363354,0.984624981880188,0.17401699721813202,0,-0.0013099999632686377,-0.17401699721813202,0.9847419857978821,0,-0.004000000189989805,2.9579999446868896,0,1,1,-0.0002640000020619482,0.000004999999873689376,0,0.0002640000020619482,1,0,0,-0.000004999999873689376,0,1,0,0.0024999999441206455,2.7569000720977783,0,1,0.9967359900474548,-0.07631000131368637,-0.026340000331401825,0,0.07906900346279144,0.9886339902877808,0.1278740018606186,0,0.01628199964761734,-0.12953899800777435,0.991441011428833,0,2.50219988822937,6.3907999992370605,0.08749999850988388,1,0.9988510012626648,0.04787600040435791,-0.00215000007301569,0,-0.04611000046133995,0.9722930192947388,0.2291709929704666,0,0.013062000274658203,-0.22880899906158447,0.9733840227127075,0,0.0031999999191612005,2.623699903488159,0,1,0.999983012676239,-0.005787999834865332,-0.00014800000644754618,0,0.005787999834865332,0.999983012676239,0,0,0.00014800000644754618,0,1,0,0.0038999998942017555,2.1321001052856445,0,1,0.16125600039958954,-0.07714100182056427,0.9838929772377014,0,-0.9391679763793945,-0.318325012922287,0.1289680004119873,0,0.3032490015029907,-0.9448379874229431,-0.12377999722957611,0,-4.224100112915039,8.897299766540527,-0.03020000085234642,1,0.6046839952468872,-0.7318800091743469,0.31418099999427795,0,0.385576993227005,0.6141589879989624,0.6885780096054077,0,-0.6969130039215088,-0.29523101449012756,0.6535680294036865,0,0,8.861000061035156,0,1,0.7646740078926086,-0.6443160176277161,-0.011455999687314034,0,0.6443269848823547,0.7641469836235046,0.030348999425768852,0,-0.01080000028014183,-0.030588999390602112,0.9994739890098572,0,0,18.973600387573242,0,1,0.9728720188140869,0.19178999960422516,-0.12936699390411377,0,-0.18844099342823029,0.981357991695404,0.03776400163769722,0,0.13419799506664276,-0.012361000292003155,0.9908769726753235,0,0,19.898300170898438,0,1,0.8899099826812744,-0.4505630135536194,0.07108499854803085,0,0.40701499581336975,0.8547239899635315,0.32215800881385803,0,-0.20591099560260773,-0.2577590048313141,0.9440129995346069,0,2.062000036239624,2.147700071334839,1.2410000562667847,1,0.999442994594574,0.03312699869275093,0.004098000004887581,0,-0.033245999366045,0.9988790154457092,0.03369700163602829,0,-0.0029780000913888216,-0.03381400182843208,0.9994239807128906,0,0.274399995803833,2.5659000873565674,0,1,0.9980970025062561,-0.061124999076128006,0.008104000240564346,0,0.061413999646902084,0.997215986251831,-0.04228699952363968,0,-0.005495999939739704,0.04270400106906891,0.9990730285644531,0,-0.07670000195503235,2.7302000522613525,0,1,0.985368013381958,-0.17017099261283875,-0.009576000273227692,0,0.16999700665473938,0.9772099852561951,0.12712399661540985,0,-0.012275000102818012,-0.12689200043678284,0.9918410181999207,0,2.5699000358581543,7.053800106048584,0.05090000107884407,1,0.9998720288276672,0.015936000272631645,0.0010489999549463391,0,-0.015935000032186508,0.9911440014839172,0.13183599710464478,0,0.0010610000463202596,-0.1318349987268448,0.9912710189819336,0,-0.001500000013038516,2.8162999153137207,0,1,0.999891996383667,0.014631000347435474,0.0010059999767690897,0,-0.01463599968701601,0.9911640286445618,0.13183599710464478,0,0.0009319999953731894,-0.13183599710464478,0.9912710189819336,0,0.0012000000569969416,2.6396000385284424,0,1,0.9958199858665466,-0.09130199998617172,0.0025390000082552433,0,0.09035100042819977,0.9887580275535583,0.11913999915122986,0,-0.013388000428676605,-0.11841300129890442,0.992874026298523,0,0.765500009059906,7.018199920654297,-0.09040000289678574,1,0.9999539852142334,0.009549999609589577,0.0006319999811239541,0,-0.009549999609589577,0.991221010684967,0.1318719983100891,0,0.0006329999887384474,-0.1318719983100891,0.9912670254707336,0,0.008500000461935997,3.3401999473571777,0,1,0.9998549818992615,0.01702599972486496,0.0008640000014565885,0,-0.01699100062251091,0.9911220073699951,0.13186900317668915,0,0.0013889999827370048,-0.131864994764328,0.9912670254707336,0,-0.007899999618530273,3.0566999912261963,0,1,0.9987000226974487,-0.050411999225616455,0.007606999948620796,0,0.04839799925684929,0.9843599796295166,0.16939100623130798,0,-0.016026999801397324,-0.16880199313163757,0.9855200052261353,0,-0.892300009727478,6.911099910736084,-0.12160000205039978,1,0.9997310042381287,0.02308100089430809,0.0021639999467879534,0,-0.023080000653862953,0.9821770191192627,0.18653500080108643,0,0.0021800000686198473,-0.18653400242328644,0.982446014881134,0,-0.003000000026077032,2.9238998889923096,0,1,0.9998999834060669,0.01409399975091219,0.0009950000094249845,0,-0.014101999811828136,0.9911710023880005,0.13183900713920593,0,0.0008720000041648746,-0.13184000551700592,0.9912710189819336,0,0.0026000000070780516,2.7179999351501465,0,1,0.9993219971656799,0.02413799986243248,0.02779100090265274,0,-0.02953300066292286,0.9764189720153809,0.21385300159454346,0,-0.021973999217152596,-0.21452899277210236,0.9764699935913086,0,-2.4430999755859375,6.45359992980957,0.12549999356269836,1,0.9996299743652344,0.027015000581741333,0.003066000062972307,0,-0.026959000155329704,0.970225989818573,0.2406959980726242,0,0.003527000080794096,-0.2406889945268631,0.9705960154533386,0,-0.0026000000070780516,2.6278998851776123,0,1,0.9998350143432617,0.0181099995970726,0.0013650000328198075,0,-0.018131999298930168,0.9911029934883118,0.1318580061197281,0,0.0010349999647587538,-0.13186100125312805,0.99126797914505,0,-0.0019000000320374966,2.122499942779541,0,1,-0.9604420065879822,-0.2676979899406433,0.07674200087785721,0,0.2698040008544922,-0.8262349963188171,0.49451199173927307,0,-0.06897299736738205,0.49565500020980835,0.865776002407074,0,7.557000160217285,-4.826300144195557,0.3005000054836273,1,0.9996579885482788,-0.02431200072169304,0.00965300016105175,0,0.021316999569535255,0.5432659983634949,-0.8392900228500366,0,0.015161000192165375,0.8392090201377869,0.5435979962348938,0,-0.12460000067949295,24.065799713134766,0.1046999990940094,1,0.9817609786987305,-0.16574500501155853,-0.09313099831342697,0,0.1833149939775467,0.6954089999198914,0.6948390007019043,0,-0.05040200054645538,-0.6992390155792236,0.713109016418457,0,-0.006000000052154064,33.0630989074707,0.0038999998942017555,1,0.9920259714126587,-0.0693880021572113,0.10521099716424942,0,-0.05768200010061264,0.49226099252700806,0.8685340285301208,0,-0.11205700039863586,-0.8676779866218567,0.48433300852775574,0,-0.0052999998442828655,12.89330005645752,-0.515500009059906,1,-0.9876180291175842,0.0910549983382225,0.12774500250816345,0,-0.01049800030887127,-0.8508440256118774,0.5253139734268188,0,0.15652400255203247,0.5174689888954163,0.8412650227546692,0,-7.557000160217285,-4.826300144195557,0.3005000054836273,1,0.9869149923324585,-0.10649800300598145,0.12106399983167648,0,0.15843500196933746,0.5010610222816467,-0.8507859706878662,0,0.02994699962437153,0.8588340282440186,0.5113769769668579,0,0.12479999661445618,24.070100784301758,-0.14489999413490295,1,0.9971070289611816,-0.07511699944734573,-0.011626999825239182,0,0.039103999733924866,0.3757520020008087,0.9258949756622314,0,-0.06518200039863586,-0.9236710071563721,0.3776029944419861,0,0.006000000052154064,33.0630989074707,0.0044999998062849045,1,0.9933620095252991,0.05827600136399269,-0.09918099641799927,0,0.016750000417232513,0.7797179818153381,0.6259059906005859,0,0.11380799859762192,-0.6234130263328552,0.7735660076141357,0,0.005400000140070915,12.718299865722656,-0.5224000215530396,1
K0.033,0.9863527417182922,0.1093364730477333,-0.1231030598282814,0,-0.12144554406404495,0.9879859685897827,-0.09557969868183136,0,0.11117402464151382,0.10922594368457794,0.9877797961235046,0,11.830303192138672,64.83304595947266,5.4966230392456055,1,0.994166910648346,0.0028356187976896763,0.10781322419643402,0,-0.03964065760374069,0.9392871260643005,0.3408335745334625,0,-0.1003013402223587,-0.3431195616722107,0.9339210987091064,0,0,3.962399959564209,-0.2743000090122223,1,0.9983819723129272,-0.056263115257024765,0.008237031288444996,0,0.05643211305141449,0.9981629848480225,-0.022052906453609467,0,-0.006981035694479942,0.022482911124825478,0.9997230172157288,0,0,14.123299598693848,0.26440000534057617,1,0.9983950257301331,-0.05562611669301987,0.010652033612132072,0,0.05585411563515663,0.9981859922409058,-0.02245390973985195,0,-0.009383036755025387,0.023012911900877953,0.9996910095214844,0,0,11.404500007629395,0.10610000044107437,1,0.999921977519989,0.010135931894183159,0.007303067948669195,0,-0.010790938511490822,0.9953179955482483,0.09605098515748978,0,-0.006295074708759785,-0.09612198173999786,0.9953500032424927,0,0,9.946700096130371,0,1,0.9998499751091003,-0.0024927824269980192,0.017133519053459167,0,0.0021147627849131823,0.9997550249099731,0.022045113146305084,0,-0.017183512449264526,-0.02200612612068653,0.9996100068092346,0,0,8.579099655151367,0.11420000344514847,1,0.03208361938595772,0.0273091159760952,-0.9991119503974915,0,0.9369229078292847,-0.3489321768283844,0.020549526438117027,0,-0.34806111454963684,-0.9367499351501465,-0.03678134083747864,0,4.224100112915039,8.89840030670166,-0.05660000070929527,1,0.63741135597229,0.6986529231071472,-0.32494834065437317,0,-0.3935016691684723,0.657741129398346,0.6422874331474304,0,0.6624681949615479,-0.2815339267253876,0.6941717863082886,0,0,8.861000061035156,0,1,0.5313321352005005,0.8468344807624817,0.02360704354941845,0,-0.8468464612960815,0.5301650762557983,0.0421370267868042,0,0.023168044164776802,-0.04238002747297287,0.9988330006599426,0,0,18.975200653076172,0,1,0.9281110763549805,-0.19510671496391296,-0.31708407402038574,0,0.17016084492206573,0.9798240661621094,-0.10483554005622864,0,0.3311409652233124,0.04334360733628273,0.9425849914550781,0,0,19.895999908447266,0,1,0.8961290121078491,0.4382399916648865,-0.06999299675226212,0,-0.3947420120239258,0.8591790199279785,0.325560986995697,0,0.20281000435352325,-0.26411500573158264,0.9429270029067993,0,-2.088900089263916,2.1412999629974365,1.2094000577926636,1,0.9999949932098389,0.0018789999885484576,-0.0024349999148398638,0,-0.001829999964684248,0.9997979998588562,0.020005999132990837,0,0.002471999963745475,-0.0200009997934103,0.999796986579895,0,-0.329800009727478,2.5601000785827637,0,1,0.9985569715499878,0.05277400091290474,-0.009902000427246094,0,-0.05314499884843826,0.9977049827575684,-0.04196099936962128,0,0.007664999924600124,0.042426999658346176,0.9990699887275696,0,0.07689999788999557,2.7272000312805176,0,1,0.9794309735298157,0.20177698135375977,0.00020301756740082055,0,-0.20176798105239868,0.9793969988822937,-0.00837879441678524,0,-0.0018899758579209447,0.008165794424712658,0.9999650120735168,0,-2.5859999656677246,6.942299842834473,0.02969999983906746,1,0.9999769926071167,-0.0068320222198963165,-0.00019500158668961376,0,0.0068320222198963165,0.9984319806098938,0.05555520951747894,0,-0.00018500153964851052,-0.05555520951747894,0.9984560012817383,0,0.0010000000474974513,2.844899892807007,0,1,1,0.0007649775943718851,0.000001999829919441254,0,-0.0007649775943718851,0.9999989867210388,-0.0013607924338430166,0,-0.000003000100150529761,0.0013607924338430166,0.9999989867210388,0,-0.0013000000035390258,2.6654999256134033,0,1,0.9933509826660156,0.11511898040771484,-0.0011330005945637822,0,-0.11512097716331482,0.9931949973106384,-0.017654793336987495,0,-0.0009079755400307477,0.01766779273748398,0.9998430013656616,0,-0.8149999976158142,6.827199935913086,-0.11010000109672546,1,0.9999970197677612,-0.002522021997720003,-0.00002000150016101543,0,0.002519021974876523,0.9984359741210938,0.05584820732474327,0,-0.00012100069579901174,-0.05584820732474327,0.9984390139579773,0,-0.011699999682605267,3.2567999362945557,0,1,0.9999880194664001,0.004963978193700314,-0.00026099925162270665,0,-0.004964977968484163,0.999987006187439,-0.0013597923098132014,0,0.00025399986770935357,0.0013607923174276948,0.9999989867210388,0,-0.000699999975040555,3.1779000759124756,0,1,0.9950519800186157,0.0990859791636467,-0.007299003656953573,0,-0.09787197411060333,0.9902009963989258,0.09961120784282684,0,0.017097022384405136,-0.09840420633554459,0.9950000047683716,0,0.8988000154495239,6.77869987487793,-0.023000000044703484,1,0.9998850226402283,-0.015110020525753498,-0.0013410035753622651,0,0.015114020556211472,0.9848629236221313,0.1726752072572708,0,-0.001288003521040082,-0.1726762056350708,0.9849779605865479,0,-0.004000000189989805,2.9579999446868896,0,1,1,-0.00012702090316452086,0.000003999949967692373,0,0.00012702088861260563,0.9999989867210388,-0.0013617922086268663,0,-0.000004000380158686312,0.0013617922086268663,0.9999989867210388,0,0.0024999999441206455,2.7569000720977783,0,1,0.996749997138977,-0.07621801644563675,-0.026081038638949394,0,0.07892302423715591,0.9888150095939636,0.1265561878681183,0,0.01614402048289776,-0.12820321321487427,0.9916170239448547,0,2.50219988822937,6.3907999992370605,0.08749999850988388,1,0.9988440275192261,0.04801797866821289,-0.002120004966855049,0,-0.046271972358226776,0.9725969433784485,0.22784720361232758,0,0.013002009131014347,-0.22748520970344543,0.973694920539856,0,0.0031999999191612005,2.623699903488159,0,1,0.9999840259552002,-0.005644022021442652,-0.00014300101611297578,0,0.005644022021442652,0.999983012676239,-0.00136179244145751,0,0.00014999942504800856,0.0013607923174276948,0.9999989867210388,0,0.0038999998942017555,2.1321001052856445,0,1,0.01607806421816349,-0.032884687185287476,0.9993299841880798,0,-0.957252025604248,-0.2891938388347626,0.005885191261768341,0,0.28880685567855835,-0.9567060470581055,-0.036128442734479904,0,-4.224100112915039,8.897299766540527,-0.03020000085234642,1,0.5039491653442383,-0.7481823563575745,0.43157631158828735,0,0.19847172498703003,0.5866014361381531,0.7851805686950684,0,-0.8406216502189636,-0.3100351095199585,0.44411036372184753,0,0,8.861000061035156,0,1,0.8654218316078186,-0.5009981393814087,-0.0067109614610672,0,0.5010071396827698,0.8651208281517029,0.023598914965987206,0,-0.006016960833221674,-0.02378491498529911,0.9996989965438843,0,0,18.973600387573242,0,1,0.9843420386314392,0.17372161149978638,-0.029848523437976837,0,-0.17255663871765137,0.984266996383667,0.03797666355967522,0,0.035976603627204895,-0.032231733202934265,0.9988329410552979,0,0,19.898300170898438,0,1,0.8899099826812744,-0.4505630135536194,0.07108499854803085,0,0.40701499581336975,0.8547239899635315,0.32215800881385803,0,-0.20591099560260773,-0.2577590048313141,0.9440129995346069,0,2.062000036239624,2.147700071334839,1.2410000562667847,1,0.999442994594574,0.03312699869275093,0.004098999779671431,0,-0.033245999366045,0.9988790154457092,0.033695999532938004,0,-0.0029780000913888216,-0.03381400182843208,0.9994239807128906,0,0.274399995803833,2.5659000873565674,0,1,0.9980970025062561,-0.061124999076128006,0.008104000240564346,0,0.061413999646902084,0.997215986251831,-0.04228699952363968,0,-0.005495999939739704,0.04270400106906891,0.9990730285644531,0,-0.07670000195503235,2.7302000522613525,0,1,0.9845640063285828,-0.17488504946231842,-0.006962972227483988,0,0.17481404542922974,0.980666995048523,0.08793260157108307,0,-0.008549961261451244,-0.08779260516166687,0.996101975440979,0,2.5699000358581543,7.053800106048584,0.05090000107884407,1,0.9999340176582336,0.011518965475261211,0.0005319971241988242,0,-0.011517965234816074,0.9956120252609253,0.09286869317293167,0,0.0005409970763139427,-0.09286869317293167,0.9956780076026917,0,-0.001500000013038516,2.8162999153137207,0,1,0.9999480247497559,0.010166955180466175,0.0004969966830685735,0,-0.010169954970479012,0.9956629872322083,0.09247560799121857,0,0.0004459969059098512,-0.09247560799121857,0.9957150220870972,0,0.0012000000569969416,2.6396000385284424,0,1,0.9954119920730591,-0.09565604478120804,0.0020009963773190975,0,0.0951930433511734,0.9922609925270081,0.07972360402345657,0,-0.009610960260033607,-0.07916660606861115,0.996815025806427,0,0.765500009059906,7.018199920654297,-0.09040000289678574,1,0.9999859929084778,0.005206965375691652,0.0002429981395835057,0,-0.005206965375691652,0.9956619739532471,0.09289269149303436,0,0.0002419981174170971,-0.09289269149303436,0.9956759810447693,0,0.008500000461935997,3.3401999473571777,0,1,0.9999200105667114,0.012645956128835678,0.00037899689050391316,0,-0.012626956216990948,0.9956330060958862,0.09249860793352127,0,0.0007929957355372608,-0.0924966037273407,0.9957129955291748,0,-0.007899999618530273,3.0566999912261963,0,1,0.9984930157661438,-0.054605044424533844,0.005443979986011982,0,0.05343204736709595,0.9900330305099487,0.1303076148033142,0,-0.01250496320426464,-0.12982061505317688,0.9914590716362,0,-0.892300009727478,6.911099910736084,-0.12160000205039978,1,0.9998239874839783,0.018711965531110764,0.0013849950628355145,0,-0.018710965290665627,0.9888290762901306,0.14787468314170837,0,0.0013979950454086065,-0.14787468314170837,0.9890050888061523,0,-0.003000000026077032,2.9238998889923096,0,1,0.9999529719352722,0.009638954885303974,0.00048699669423513114,0,-0.009641955606639385,0.9956679940223694,0.09247760474681854,0,0.0004059971251990646,-0.09247860312461853,0.9957150220870972,0,0.0026000000070780516,2.7179999351501465,0,1,0.9995279908180237,0.020700963214039803,0.022700950503349304,0,-0.024369949474930763,0.9841680526733398,0.17555561661720276,0,-0.01870696432888508,-0.1760256141424179,0.9842080473899841,0,-2.4430999755859375,6.45359992980957,0.12549999356269836,1,0.9997389912605286,0.02273496612906456,0.002129993634298444,0,-0.022694965824484825,0.979028046131134,0.20245569944381714,0,0.0025179933290928602,-0.2024517059326172,0.9792890548706055,0,-0.0026000000070780516,2.6278998851776123,0,1,0.9999060034751892,0.013724956661462784,0.0007699957932345569,0,-0.01373695582151413,0.995618999004364,0.09249160438776016,0,0.0005029964377172291,-0.09249360859394073,0.9957129955291748,0,-0.0019000000320374966,2.122499942779541,0,1,-0.9530619978904724,-0.2854039967060089,0.1010851114988327,0,0.30257901549339294,-0.8857243657112122,0.3520487844944,0,-0.010942512191832066,0.3661098778247833,0.9305073618888855,0,7.557000160217285,-4.826300144195557,0.3005000054836273,1,0.9937399625778198,-0.0976962000131607,-0.05418959632515907,0,0.03266308456659317,0.7179282903671265,-0.6953502893447876,0,0.10683651268482208,0.6892272233963013,0.7166252732276917,0,-0.12460000067949295,24.065799713134766,0.1046999990940094,1,0.9543216228485107,-0.23329752683639526,-0.18666189908981323,0,0.2923969626426697,0.6007780432701111,0.7440232634544373,0,-0.06143617630004883,-0.7646164894104004,0.6415503621101379,0,-0.006000000052154064,33.0630989074707,0.0038999998942017555,1,0.9982249736785889,-0.030740777030587196,0.05099872499704361,0,-0.02389387972652912,0.5776938796043396,0.8159033060073853,0,-0.05454367399215698,-0.8156743049621582,0.5759338736534119,0,-0.0052999998442828655,12.89330005645752,-0.515500009059906,1,-0.9770848751068115,0.12874332070350647,0.16949932277202606,0,-0.025269081816077232,-0.8608629107475281,0.5082091093063354,0,0.21134446561336517,0.492281049489975,0.8443888425827026,0,-7.557000160217285,-4.826300144195557,0.3005000054836273,1,0.9768179059028625,-0.19960954785346985,0.07735186070203781,0,0.1633470207452774,0.46144941449165344,-0.8719993233680725,0,0.13836567103862762,0.864419162273407,0.4833574593067169,0,0.12479999661445618,24.070100784301758,-0.14489999413490295,1,0.9920359253883362,-0.10707312077283859,-0.06633754074573517,0,0.09784352779388428,0.32340964674949646,0.9411870837211609,0,-0.0793209820985794,-0.940182089805603,0.3313106894493103,0,0.006000000052154064,33.0630989074707,0.0044999998062849045,1,0.994903028011322,0.049927968531847,-0.08761195838451385,0,0.014780993573367596,0.7872370481491089,0.616473913192749,0,0.09974994510412216,-0.614626944065094,0.782486081123352,0,0.005400000140070915,12.718299865722656,-0.5224000215530396,1
