8.233,30,246,65
B0,mixamorig_Hips,-1,0.9180595874786377,-0.19403845071792603,-0.3420522212982178,0,0.15208548307418823,0.9774760007858276,-0.14248548448085785,0,0.36177825927734375,0.07974012941122055,0.927247941493988,0,-4.678332805633545,56.900001525878906,3.012307643890381,1
B1,mixamorig_Spine,0,0.9987321496009827,-0.025038640946149826,0.04307345300912857,0,0.022131197154521942,0.9975253343582153,0.06658344715833664,0,-0.044631436467170715,-0.06557240337133408,0.9968318939208984,0,0,3.962399959564209,-0.2743000090122223,1
B2,mixamorig_Spine1,1,0.9979503154754639,0.061135806143283844,0.01736597716808319,0,-0.06350057572126389,0.9710723161697388,0.22985458374023438,0,-0.0028853139374405146,-0.23049499094486237,0.9730179905891418,0,0,14.123299598693848,0.26440000534057617,1
B3,mixamorig_Spine2,2,0.9980362057685852,0.05997370183467865,0.016389453783631325,0,-0.06214810907840729,0.9710769057273865,0.23020489513874054,0,-0.0021836126688867807,-0.2307782769203186,0.9729532599449158,0,0,11.404500007629395,0.10610000044107437,1
B4,mixamorig_Neck,3,0.9715160131454468,0.18279030919075012,0.15076234936714172,0,-0.1766607016324997,0.9828230142593384,-0.05327175557613373,0,-0.1579180657863617,0.025126002728939056,0.9871225953102112,0,0,9.946700096130371,0,1
B5,mixamorig_Head,4,0.7981335520744324,0.2854553163051605,0.5302644371986389,0,-0.18016783893108368,0.953390896320343,-0.24200253188610077,0,-0.5746485590934753,0.09768837690353394,0.8123632073402405,0,0,8.579099655151367,0.11420000344514847,1
B6,mixamorig_HeadTop_End,5,1,0,0,0,0,1,0,0,0,0,1,0,0,25.089099884033203,0.33390000462532043,1
B7,mixamorig_LeftShoulder,3,0.14361698925495148,0.024767883121967316,-0.9893196821212769,0,0.9864110946655273,-0.0839574784040451,0.14109738171100616,0,-0.07956546545028687,-0.9961472749710083,-0.03647565096616745,0,4.224100112915039,8.89840030670166,-0.05660000070929527,1
B8,mixamorig_LeftArm,7,0.48258352279663086,0.48674333095550537,-0.7277615666389465,0,0.4841917157173157,0.5442766547203064,0.6849691867828369,0,0.7297282218933105,-0.6828648447990417,0.027106991037726402,0,0,8.861000061035156,0,1
B9,mixamorig_LeftForeArm,8,-0.006883039604872465,0.9914574027061462,-0.12822552025318146,0,-0.9739360213279724,0.022290697321295738,0.22459706664085388,0,0.2255619913339615,0.12652064859867096,0.9659693241119385,0,0,18.975200653076172,0,1
B10,mixamorig_LeftHand,9,0.9177985191345215,0.3607730567455292,0.1425139158964157,0,-0.10530324280261993,0.5888240337371826,-0.8010296821594238,0,-0.37285107374191284,0.7210380434989929,0.5776691436767578,0,0,19.895999908447266,0,1
B11,mixamorig_LeftHandThumb1,10,0.97707599401474,0.2101600021123886,-0.033980000764131546,0,-0.196833997964859,0.9526180028915405,0.23189499974250793,0,0.08110500127077103,-0.2198909968137741,0.9721469879150391,0,-2.088900089263916,2.1412999629974365,1.2094000577926636,1
B12,mixamorig_LeftHandThumb2,11,0.9999949932098389,0.0018789999885484576,-0.0024349999148398638,0,-0.0018294506007805467,0.9997979998588562,0.020005999132990837,0,0.002471999963745475,-0.0200009997934103,0.999796986579895,0,-0.329800009727478,2.5601000785827637,0,1
B13,mixamorig_LeftHandThumb3,12,0.9985569715499878,0.05277400091290474,-0.00990145094692707,0,-0.05314499884843826,0.9977049827575684,-0.04196099936962128,0,0.007664000149816275,0.042426999658346176,0.9990699887275696,0,0.07689999788999557,2.7272000312805176,0,1
B14,mixamorig_LeftHandThumb4,13,1,0,0,0,0,1,0,0,0,0,1,0,0.25290000438690186,2.237600088119507,0,1
B15,mixamorig_LeftHandIndex1,10,0.9927241802215576,0.12040410935878754,0.001242832513526082,0,-0.12031233310699463,0.9922751188278198,-0.030029412358999252,0,-0.004850372206419706,0.02966107614338398,0.9995415210723877,0,-2.5859999656677246,6.942299842834473,0.02969999983906746,1
B16,mixamorig_LeftHandIndex2,15,0.9999828934669495,-0.005899346433579922,-0.00014353641017805785,0,0.005899346433579922,0.9988805055618286,0.04690450429916382,0,-0.0001334377157036215,-0.04690450429916382,0.9988976120948792,0,0.0010000000474974513,2.844899892807007,0,1
B17,mixamorig_LeftHandIndex3,16,0.9999898672103882,-0.004442346282303333,-0.00011033900227630511,0,0.004442797042429447,0.9988880753517151,0.04690505191683769,0,-0.00009833899821387604,-0.04690505191683769,0.9988976120948792,0,-0.0013000000035390258,2.6654999256134033,0,1
B18,mixamorig_LeftHandIndex4,17,1,0,0,0,0,1,0,0,0,0,1,0,0.0003000000142492354,2.2973999977111816,0,1
B19,mixamorig_LeftHandMiddle1,10,0.9932630062103271,0.11587750911712646,-0.0011238454608246684,0,-0.11586830019950867,0.9929438829421997,-0.02489432878792286,0,-0.0017704926431179047,0.024856191128492355,0.9996809363365173,0,-0.8149999976158142,6.827199935913086,-0.11010000109672546,1
B20,mixamorig_LeftHandMiddle2,19,0.9999984502792358,-0.0019751100335270166,0.000010364886293245945,0,0.0019721100106835365,0.9987108707427979,0.05067170411348343,0,-0.0001108454744098708,-0.05067170411348343,0.9987134337425232,0,-0.011699999682605267,3.2567999362945557,0,1
B21,mixamorig_LeftHandMiddle3,20,1,-0.0006003204034641385,-0.00015764805721119046,0,0.0006073203985579312,0.998673677444458,0.0514366552233696,0,0.00012646359391510487,-0.0514366552233696,0.9986741542816162,0,-0.000699999975040555,3.1779000759124756,0,1
B22,mixamorig_LeftHandMiddle4,21,1,0,0,0,0,1,0,0,0,0,1,0,0.012400000356137753,2.6951000690460205,0,1
B23,mixamorig_LeftHandRing1,10,0.9930800795555115,0.11728727072477341,-0.006004802417010069,0,-0.11737604439258575,0.9929130673408508,-0.01796259544789791,0,0.003853163681924343,0.018542654812335968,0.9998092651367188,0,0.8988000154495239,6.77869987487793,-0.023000000044703484,1
B24,mixamorig_LeftHandRing2,23,0.9999944567680359,-0.003313732100650668,-0.00009208576375385746,0,0.003313732100650668,0.9984541535377502,0.0554320402443409,0,-0.00009198705083690584,-0.0554320402443409,0.9984596371650696,0,-0.004000000189989805,2.9579999446868896,0,1
B25,mixamorig_LeftHandRing3,24,0.9999823570251465,-0.005932393483817577,-0.00011863510735565796,0,0.00592984352260828,0.9983887672424316,0.05637989938259125,0,-0.0002160299482056871,-0.05637989938259125,0.9984064698219299,0,0.0024999999441206455,2.7569000720977783,0,1
B26,mixamorig_LeftHandRing4,25,1,0,0,0,0,1,0,0,0,0,1,0,0.001500000013038516,2.3345999717712402,0,1
B27,mixamorig_LeftHandPinky1,10,0.998808741569519,0.04877953976392746,0.0009931698441505432,0,-0.04874686524271965,0.9985867142677307,-0.020486872643232346,0,-0.001994420774281025,0.020413890480995178,0.9997760057449341,0,2.50219988822937,6.3907999992370605,0.08749999850988388,1
B28,mixamorig_LeftHandPinky2,27,0.9978798031806946,0.06508291512727737,0.00014216748240869492,0,-0.06494282931089401,0.99559086561203,0.06763339787721634,0,0.004259385168552399,-0.06749890744686127,0.997706949710846,0,0.0031999999191612005,2.623699903488159,0,1
B29,mixamorig_LeftHandPinky3,28,0.9999261498451233,-0.012129539623856544,-0.0005746650276705623,0,0.012142088264226913,0.9981362223625183,0.05974449962377548,0,-0.00015162216732278466,-0.05974704399704933,0.9982100129127502,0,0.0038999998942017555,2.1321001052856445,0,1
B30,mixamorig_LeftHandPinky4,29,1,0,0,0,0,1,0,0,0,0,1,0,-0.0071000000461936,1.7932000160217285,0,1
B31,mixamorig_RightShoulder,3,0.08842198550701141,-0.013823232613503933,0.9959865212440491,0,-0.9710060358047485,-0.22410863637924194,0.08309631794691086,0,0.22206078469753265,-0.9744582176208496,-0.03323429822921753,0,-4.224100112915039,8.897299766540527,-0.03020000085234642,1
B32,mixamorig_RightArm,31,0.5495651960372925,0.21942666172981262,0.8058370351791382,0,-0.7785333395004272,0.48391395807266235,0.3992377817630768,0,-0.3025738596916199,-0.8469186425209045,0.43704909086227417,0,0,8.861000061035156,0,1
B33,mixamorig_RightForeArm,32,-0.4637579619884491,-0.881324052810669,0.08943178504705429,0,0.8571849465370178,-0.4209841191768646,0.2963345944881439,0,-0.22352631390094757,0.21412213146686554,0.9508839845657349,0,0,18.973600387573242,0,1
B34,mixamorig_RightHand,33,0.8140788674354553,0.05200395733118057,-0.5756886005401611,0,-0.19482086598873138,0.9617250561714172,-0.1882631778717041,0,0.5452502965927124,0.26435261964797974,0.7945411205291748,0,0,19.898300170898438,0,1
B35,mixamorig_RightHandThumb1,34,0.9919859766960144,-0.12560799717903137,0.013638450764119625,0,0.1170400008559227,0.9542099833488464,0.27528899908065796,0,-0.047593001276254654,-0.2714869976043701,0.9612650275230408,0,2.062000036239624,2.147700071334839,1.2410000562667847,1
B36,mixamorig_RightHandThumb2,35,0.999442994594574,0.03312699869275093,0.004098999779671431,0,-0.03324655070900917,0.9988790154457092,0.03369700163602829,0,-0.0029780000913888216,-0.03381400182843208,0.9994239807128906,0,0.274399995803833,2.5659000873565674,0,1
B37,mixamorig_RightHandThumb3,36,0.9980970025062561,-0.061124999076128006,0.008104000240564346,0,0.061413999646902084,0.997215986251831,-0.04228699952363968,0,-0.005496450699865818,0.04270400106906891,0.9990730285644531,0,-0.07670000195503235,2.7302000522613525,0,1
B38,mixamorig_RightHandThumb4,37,1,0,0,0,0,1,0,0,0,0,1,0,-0.19769999384880066,2.24429988861084,0,1
B39,mixamorig_RightHandIndex1,34,0.991844892501831,-0.12736345827579498,0.001165148918516934,0,0.12547005712985992,0.9754813313484192,-0.1762174516916275,0,0.021490223705768585,0.17490725219249725,0.9835277199745178,0,2.5699000358581543,7.053800106048584,0.05090000107884407,1
B40,mixamorig_RightHandIndex2,39,0.9999954104423523,0.0025533114094287157,0.00002748947918007616,0,-0.0025533114094287157,0.9998025298118591,0.01381207536906004,0,0.000030390774554689415,-0.01381207536906004,0.9998065829277039,0,-0.001500000013038516,2.8162999153137207,0,1
B41,mixamorig_RightHandIndex3,40,0.999997615814209,0.00047511866432614625,0.00002518041765142698,0,-0.0004755693662445992,0.9997701644897461,0.007018778473138809,0,0.000024364888304262422,-0.007018778473138809,0.9997724890708923,0,0.0012000000569969416,2.6396000385284424,0,1
B42,mixamorig_RightHandIndex4,41,1,0,0,0,0,1,0,0,0,0,1,0,0.0003000000142492354,2.241499900817871,0,1
B43,mixamorig_RightHandMiddle1,34,0.9922086000442505,-0.12446976453065872,0.0029089392628520727,0,0.12283256649971008,0.9749640822410583,-0.1807495653629303,0,0.01984545774757862,0.1796790212392807,0.9826777577400208,0,0.765500009059906,7.018199920654297,-0.09040000289678574,1
B44,mixamorig_RightHandMiddle2,43,0.9999935030937195,-0.003034034976735711,-0.000012506471648521256,0,0.003034034976735711,0.999688446521759,0.018842222169041634,0,-0.000016055824744398706,-0.018842222169041634,0.9996944665908813,0,0.008500000461935997,3.3401999473571777,0,1
B45,mixamorig_RightHandMiddle3,44,0.9999889731407166,0.0040183900855481625,-0.00004300404907553457,0,-0.004016136284917593,0.9996496438980103,0.014933482743799686,0,0.00015352426271419972,-0.014933031052350998,0.9996601343154907,0,-0.007899999618530273,3.0566999912261963,0,1
B46,mixamorig_RightHandMiddle4,45,1,0,0,0,0,1,0,0,0,0,1,0,-0.0006000000284984708,2.6394999027252197,0,1
B47,mixamorig_RightHandRing1,34,0.9916190505027771,-0.12909619510173798,0.0017250623786821961,0,0.12700898945331573,0.9730662107467651,-0.18771620094776154,0,0.022751856595277786,0.18634043633937836,0.9813300967216492,0,-0.892300009727478,6.911099910736084,-0.12160000205039978,1
B48,mixamorig_RightHandRing2,47,0.9999861121177673,0.004781752824783325,0.00007749837823212147,0,-0.004781752824783325,0.9994988441467285,0.024732520803809166,0,0.00008239967428380623,-0.024732520803809166,0.999512791633606,0,-0.003000000026077032,2.9238998889923096,0,1
B49,mixamorig_RightHandRing3,48,0.9999950528144836,0.0019129010615870357,0.00005328801853465848,0,-0.0019133518217131495,0.9994649887084961,0.024233423173427582,0,0.00004710760185844265,-0.024233423173427582,0.9994699358940125,0,0.0026000000070780516,2.7179999351501465,0,1
B50,mixamorig_RightHandRing4,49,1,0,0,0,0,1,0,0,0,0,1,0,0.0003000000142492354,2.3796000480651855,0,1
B51,mixamorig_RightHandPinky1,34,0.9915574789047241,-0.12953773140907288,0.003296306822448969,0,0.12758076190948486,0.9716154336929321,-0.1944677084684372,0,0.022193437442183495,0.1932244449853897,0.9799622297286987,0,-2.4430999755859375,6.45359992980957,0.12549999356269836,1
B52,mixamorig_RightHandPinky2,51,0.9999908804893494,0.0034959223121404648,0.00004717637420981191,0,-0.0034940207842737436,0.9992968440055847,0.03043573535978794,0,0.00011112944048363715,-0.03043573535978794,0.9993059039115906,0,-0.0026000000070780516,2.6278998851776123,0,1
B53,mixamorig_RightHandPinky3,52,0.9999736547470093,0.006803767289966345,0.00021242150978650898,0,-0.00680657010525465,0.9992796182632446,0.030435286462306976,0,0.00004632684795069508,-0.030436284840106964,0.9993059039115906,0,-0.0019000000320374966,2.122499942779541,0,1
B54,mixamorig_RightHandPinky4,53,1,0,0,0,0,1,0,0,0,0,1,0,0.0044999998062849045,1.7920000553131104,0,1
B55,mixamorig_LeftUpLeg,0,-0.9296638369560242,-0.3495748043060303,0.11162738502025604,0,0.31904464960098267,-0.6201204657554626,0.7158344984054565,0,-0.18157775700092316,0.7015485167503357,0.6889247894287109,0,7.557000160217285,-4.826300144195557,0.3005000054836273,1
B56,mixamorig_LeftLeg,55,0.9859563112258911,0.04601996764540672,-0.1588062196969986,0,-0.16487176716327667,0.22037319839000702,-0.9613226056098938,0,-0.009243438951671124,0.9740045070648193,0.22486650943756104,0,-0.12460000067949295,24.065799713134766,0.1046999990940094,1
B57,mixamorig_LeftFoot,56,0.9513575434684753,-0.30049800872802734,-0.06351302564144135,0,0.10325884819030762,0.11856117099523544,0.9875237345695496,0,-0.2892509996891022,-0.9460667371749878,0.14400061964988708,0,-0.006000000052154064,33.0630989074707,0.0038999998942017555,1
B58,mixamorig_LeftToeBase,57,0.9998485445976257,-0.00013068687985651195,0.017403464764356613,0,-0.009394957683980465,0.8377071022987366,0.5460360646247864,0,-0.014650112017989159,-0.5461170673370361,0.8375791907310486,0,-0.0052999998442828655,12.89330005645752,-0.515500009059906,1
B59,mixamorig_LeftToe_End,58,1,0,0,0,0,1,0,0,0,0,1,0,0.0142000000923872,6.42080020904541,0.007899999618530273,1
B60,mixamorig_RightUpLeg,0,-0.9664102792739868,-0.10395072400569916,-0.23461094498634338,0,-0.007878308184444904,-0.9009172916412354,0.43201515078544617,0,-0.25684088468551636,0.41940978169441223,0.8698682188987732,0,-7.557000160217285,-4.826300144195557,0.3005000054836273,1
B61,mixamorig_RightLeg,60,0.9917142391204834,-0.11312103271484375,-0.059740182012319565,0,-0.021538393571972847,0.3129955232143402,-0.949332058429718,0,0.12594084441661835,0.9429008960723877,0.3079754114151001,0,0.12479999661445618,24.070100784301758,-0.14489999413490295,1
B62,mixamorig_RightFoot,61,0.9501028060913086,0.27317309379577637,-0.14304785430431366,0,0.1636219620704651,-0.05257072672247887,0.9843974113464355,0,0.261233925819397,-0.9600049257278442,-0.09579236060380936,0,0.006000000052154064,33.0630989074707,0.0044999998062849045,1
B63,mixamorig_RightToeBase,62,0.9998509883880615,0.0007332192617468536,-0.017240675166249275,0,0.009444364346563816,0.8129530549049377,0.5822449326515198,0,0.014442771673202515,-0.5823209881782532,0.8128246068954468,0,0.005400000140070915,12.718299865722656,-0.5224000215530396,1
B64,mixamorig_RightToe_End,63,1,0,0,0,0,1,0,0,0,0,1,0,-0.0142000000923872,6.412099838256836,0.007899999618530273,1
@52,0,1,2,3,4,5,7,8,9,10,11,12,13,15,16,17,19,20,21,23,24,25,27,28,29,31,32,33,34,35,36,37,39,40,41,43,44,45,47,48,49,51,52,53,55,56,57,58,60,61,62,63
K0.000,0.973816990852356,0.05531400069594383,0.22050000727176666,0,-0.021212000399827957,0.987824022769928,-0.15412099659442902,0,-0.22633999586105347,0.1454080045223236,0.9631339907646179,0,0.1517529934644699,63.65621566772461,0.3855150043964386,1,0.9973120093345642,-0.0651089996099472,-0.03361999988555908,0,0.06313200294971466,0.9963849782943726,-0.05685200169682503,0,0.03720000013709068,0.05457700043916702,0.9978160262107849,0,0,3.962399959564209,-0.2743000090122223,1,0.9998570084571838,-0.01627100072801113,-0.004666000138968229,0,0.016790999099612236,0.9882599711418152,0.15185700356960297,0,0.002139999996870756,-0.15191300213336945,0.9883909821510315,0,0,14.123299598693848,0.26440000534057617,1,0.9998589754104614,-0.015761999413371086,-0.0057310000993311405,0,0.016450000926852226,0.9882580041885376,0.15190400183200836,0,0.0032689999788999557,-0.15197700262069702,0.9883790016174316,0,0,11.404500007629395,0.10610000044107437,1,0.9995250105857849,0.009669000282883644,-0.029265999794006348,0,-0.00930699985474348,0.999879002571106,0.012481000274419785,0,0.02938299998641014,-0.012202000245451927,0.9994940161705017,0,0,9.946700096130371,0,1,0.9788569808006287,-0.13550999760627747,-0.15321700274944305,0,0.07993199676275253,0.9429190158843994,-0.3232879936695099,0,0.18828000128269196,0.3042060136795044,0.9338139891624451,0,0,8.579099655151367,0.11420000344514847,1,0.08494699746370316,0.014719000086188316,-0.9962769746780396,0,0.995278000831604,-0.04837900027632713,0.08414699882268906,0,-0.046959999948740005,-0.9987210035324097,-0.01875999942421913,0,4.224100112915039,8.89840030670166,-0.05660000070929527,1,0.25214600563049316,0.3196460008621216,-0.9133719801902771,0,0.7303249835968018,0.5563750267028809,0.3963240087032318,0,0.6348609924316406,-0.7669900059700012,-0.09315799921751022,0,0,8.861000061035156,0,1,-0.30123499035835266,0.9476749897003174,-0.10569100081920624,0,-0.925025999546051,-0.26351600885391235,0.27365198731422424,0,0.23148100078105927,0.18019999563694,0.9560040235519409,0,0,18.975200653076172,0,1,0.9986870288848877,-0.0406389981508255,-0.031177999451756477,0,0.000805000017862767,0.6210759878158569,-0.7837499976158142,0,0.051215000450611115,0.782696008682251,0.6202930212020874,0,0,19.895999908447266,0,1,0.97707599401474,0.2101600021123886,-0.033980000764131546,0,-0.196834996342659,0.9526180028915405,0.23189499974250793,0,0.08110500127077103,-0.2198909968137741,0.9721469879150391,0,-2.088900089263916,2.1412999629974365,1.2094000577926636,1,0.9999949932098389,0.0018789999885484576,-0.0024349999148398638,0,-0.0018289999570697546,0.9997979998588562,0.020005999132990837,0,0.002471999963745475,-0.0200009997934103,0.999796986579895,0,-0.329800009727478,2.5601000785827637,0,1,0.9985569715499878,0.05277400091290474,-0.009902000427246094,0,-0.05314499884843826,0.9977049827575684,-0.04196099936962128,0,0.007664000149816275,0.042426999658346176,0.9990699887275696,0,0.07689999788999557,2.7272000312805176,0,1,0.9924659729003906,0.12251599878072739,0.0011520000407472253,0,-0.12230800092220306,0.9912440180778503,-0.04975400120019913,0,-0.00723800016567111,0.04923800006508827,0.998760998249054,0,-2.5859999656677246,6.942299842834473,0.02969999983906746,1,0.9996320009231567,-0.026934999972581863,-0.003326999954879284,0,0.026938999071717262,0.9698989987373352,0.24201300740242004,0,-0.0032909999135881662,-0.24201300740242004,0.9702669978141785,0,0.0010000000474974513,2.844899892807007,0,1,0.9996700286865234,-0.02549700066447258,-0.0031739999540150166,0,0.02550699934363365,0.9699370265007019,0.24201400578022003,0,-0.003092000028118491,-0.24201600253582,0.9702669978141785,0,-0.0013000000035390258,2.6654999256134033,0,1,0.9930989742279053,0.11727000027894974,-0.0011190000222995877,0,-0.11722700297832489,0.9923710227012634,-0.03818799927830696,0,-0.0033680000342428684,0.038054998964071274,0.9992700219154358,0,-0.8149999976158142,6.827199935913086,-0.11010000109672546,1,0.9997259974479675,-0.02319199964404106,-0.003298999974504113,0,0.02327599935233593,0.967507004737854,0.2517699897289276,0,-0.002647999906912446,-0.2517780065536499,0.9677810072898865,0,-0.011699999682605267,3.2567999362945557,0,1,0.9997479915618896,-0.022290000692009926,-0.0025869999080896378,0,0.02220899984240532,0.9664090275764465,0.2560479938983917,0,-0.003206999972462654,-0.2560409903526306,0.9666609764099121,0,-0.000699999975040555,3.1779000759124756,0,1,0.9930160045623779,0.11782599985599518,-0.006006999872624874,0,-0.11793600022792816,0.9927459955215454,-0.023365000262856483,0,0.0032099999953061342,0.023910000920295715,0.9997090101242065,0,0.8988000154495239,6.77869987487793,-0.023000000044703484,1,0.9996939897537231,-0.02450600080192089,-0.003367000026628375,0,0.024519000202417374,0.9636690020561218,0.2659730017185211,0,-0.0032730000093579292,-0.2659749984741211,0.9639739990234375,0,-0.004000000189989805,2.9579999446868896,0,1,0.9996169805526733,-0.027462000027298927,-0.0035649999044835567,0,0.0274020005017519,0.9623709917068481,0.2703529894351959,0,-0.003994000144302845,-0.270346999168396,0.962755024433136,0,0.0024999999441206455,2.7569000720977783,0,1,0.9988139867782593,0.04867900162935257,0.0009330000029876828,0,-0.04865200072526932,0.9986240267753601,-0.019571000710129738,0,-0.0018840000266209245,0.019502000883221626,0.9998080134391785,0,2.50219988822937,6.3907999992370605,0.08749999850988388,1,0.9991210103034973,0.04174700006842613,-0.00367600005120039,0,-0.038943998515605927,0.9572740197181702,0.2865470051765442,0,0.015482000075280666,-0.2861520051956177,0.9580590128898621,0,0.0031999999191612005,2.623699903488159,0,1,0.9993630051612854,-0.03526899963617325,-0.0054709999822080135,0,0.035395000129938126,0.9596570134162903,0.2789370119571686,0,-0.004586999770253897,-0.2789529860019684,0.9602940082550049,0,0.0038999998942017555,2.1321001052856445,0,1,0.08791200071573257,-0.013399999588727951,0.996038019657135,0,-0.9547169804573059,-0.28644201159477234,0.08041200041770935,0,0.28422999382019043,-0.9580039978027344,-0.037974998354911804,0,-4.224100112915039,8.897299766540527,-0.03020000085234642,1,0.30924099683761597,0.2839460074901581,0.9076039791107178,0,-0.8841120004653931,0.43740200996398926,0.16439500451087952,0,-0.35030800104141235,-0.8532609939575195,0.38630300760269165,0,0,8.861000061035156,0,1,-0.5652769804000854,-0.8215849995613098,0.07389000058174133,0,0.795769989490509,-0.5195279717445374,0.31119298934936523,0,-0.2172829955816269,0.2347089946269989,0.9474700093269348,0,0,18.973600387573242,0,1,0.9020649790763855,0.2881070077419281,0.3213619887828827,0,-0.2505820095539093,0.9558410048484802,-0.15354399383068085,0,-0.3514080047607422,0.057978998869657516,0.9344249963760376,0,0,19.898300170898438,0,1,0.9919859766960144,-0.12560799717903137,0.013639000244438648,0,0.1170400008559227,0.9542109966278076,0.27528899908065796,0,-0.047593001276254654,-0.2714860141277313,0.9612650275230408,0,2.062000036239624,2.147700071334839,1.2410000562667847,1,0.999442994594574,0.03312699869275093,0.004098999779671431,0,-0.033247001469135284,0.9988790154457092,0.033695999532938004,0,-0.0029780000913888216,-0.03381400182843208,0.9994239807128906,0,0.274399995803833,2.5659000873565674,0,1,0.9980970025062561,-0.061124999076128006,0.008104000240564346,0,0.061413999646902084,0.997215986251831,-0.04228699952363968,0,-0.005495999939739704,0.04270400106906891,0.9990730285644531,0,-0.07670000195503235,2.7302000522613525,0,1,0.9944949746131897,-0.10478600114583969,-0.0007769999792799354,0,0.10477399826049805,0.9941989779472351,0.02430099993944168,0,-0.0017740000039339066,-0.0242490004748106,0.9997040033340454,0,2.5699000358581543,7.053800106048584,0.05090000107884407,1,0.9999129772186279,0.013189000077545643,0.0007070000283420086,0,-0.013187999837100506,0.9941070079803467,0.10760200023651123,0,0.0007169999880716205,-0.10760200023651123,0.994193971157074,0,-0.001500000013038516,2.8162999153137207,0,1,0.9999290108680725,0.011881999671459198,0.0006709999870508909,0,-0.011885999701917171,0.9941229820251465,0.10760299861431122,0,0.000610999995842576,-0.10760299861431122,0.994193971157074,0,0.0012000000569969416,2.6396000385284424,0,1,0.995045006275177,-0.0994110032916069,0.0016769999638199806,0,0.09923099726438522,0.9940130114555359,0.04573100060224533,0,-0.006213000044226646,-0.04533800110220909,0.9989519715309143,0,0.765500009059906,7.018199920654297,-0.09040000289678574,1,0.9999579787254333,0.009182999841868877,0.0005920000257901847,0,-0.009182999841868877,0.9916579723358154,0.1285730004310608,0,0.0005929999751970172,-0.1285730004310608,0.9916999936103821,0,0.008500000461935997,3.3401999473571777,0,1,0.9998599886894226,0.01671699993312359,0.0008239999879151583,0,-0.016683999449014664,0.9914910197257996,0.12909799814224243,0,0.0013409999664872885,-0.12909400463104248,0.9916309714317322,0,-0.007899999618530273,3.0566999912261963,0,1,0.9950060248374939,-0.09981799870729446,-0.0003549999964889139,0,0.09957899898290634,0.9923629760742188,0.07280199974775314,0,-0.006914000026881695,-0.07247400283813477,0.9973459839820862,0,-0.892300009727478,6.911099910736084,-0.12160000205039978,1,0.9998090267181396,0.019491000100970268,0.0015109999803826213,0,-0.01948999986052513,0.9877579808235168,0.15477000176906586,0,0.0015249999705702066,-0.15477000176906586,0.987949013710022,0,-0.003000000026077032,2.9238998889923096,0,1,0.9998589754104614,0.01671699993312359,0.0013780000153928995,0,-0.016728000715374947,0.9877719879150391,0.155008003115654,0,0.001230000052601099,-0.15500900149345398,0.9879119992256165,0,0.0026000000070780516,2.7179999351501465,0,1,0.995244026184082,-0.09740199893712997,0.0012779999524354935,0,0.09683900326490402,0.9907439947128296,0.09512799978256226,0,-0.01053099986165762,-0.09455200284719467,0.995464026927948,0,-2.4430999755859375,6.45359992980957,0.12549999356269836,1,0.9998049736022949,0.01967800036072731,0.0015670000575482845,0,-0.019648000597953796,0.9843469858169556,0.17513999342918396,0,0.0019039999460801482,-0.175136998295784,0.9845420122146606,0,-0.0026000000070780516,2.6278998851776123,0,1,0.9997349977493286,0.022926000878214836,0.0022249999456107616,0,-0.022960999980568886,0.9842770099639893,0.17513300478458405,0,0.0018260000506415963,-0.17513799667358398,0.9845420122146606,0,-0.0019000000320374966,2.122499942779541,0,1,-0.9991610050201416,-0.016063999384641647,0.037679001688957214,0,0.02303200028836727,-0.981020987033844,0.19253000617027283,0,0.03387099876999855,0.19323599338531494,0.9805669784545898,0,7.557000160217285,-4.826300144195557,0.3005000054836273,1,0.9855769872665405,0.16054199635982513,0.05351400002837181,0,-0.06985700130462646,0.6739969849586487,-0.7354239821434021,0,-0.15413500368595123,0.7210789918899536,0.6754909753799438,0,-0.12460000067949295,24.065799713134766,0.1046999990940094,1,0.9641180038452148,-0.2533529996871948,0.07930099964141846,0,-0.045531000941991806,0.13648399710655212,0.9895949959754944,0,-0.2615410089492798,-0.9576969742774963,0.12005099654197693,0,-0.006000000052154064,33.0630989074707,0.0038999998942017555,1,0.9998490214347839,0,0.0173530001193285,0,-0.009367000311613083,0.8417919874191284,0.5397210121154785,0,-0.01460800040513277,-0.5398020148277283,0.8416650295257568,0,-0.0052999998442828655,12.89330005645752,-0.515500009059906,1,-0.987060010433197,0.14684900641441345,-0.06440500169992447,0,-0.15904100239276886,-0.9478099942207336,0.27633899450302124,0,-0.02046399936079979,0.2830060124397278,0.958899974822998,0,-7.557000160217285,-4.826300144195557,0.3005000054836273,1,0.9900320172309875,-0.13563500344753265,0.03795500099658966,0,0.11404599994421005,0.6138709783554077,-0.781125009059906,0,0.08264800161123276,0.7776669859886169,0.6232209801673889,0,0.12479999661445618,24.070100784301758,-0.14489999413490295,1,0.9745370149612427,0.2208860069513321,0.03855299949645996,0,-0.06703100353479385,0.12291499972343445,0.9901509881019592,0,0.21397200226783752,-0.9675229787826538,0.1345919966697693,0,0.006000000052154064,33.0630989074707,0.0044999998062849045,1,0.9998549818992615,0.00016999999934341758,-0.01703299954533577,0,0.009318999946117401,0.8315799832344055,0.5553269982337952,0,0.014258000068366528,-0.5554050207138062,0.8314579725265503,0,0.005400000140070915,12.718299865722656,-0.5224000215530396,1
K0.033,0.9750360250473022,0.04074585810303688,0.21827606856822968,0,0.0012872681254521012,0.9819658994674683,-0.18905147910118103,0,-0.2220430225133896,0.18461352586746216,0.9573999047279358,0,0.282480388879776,62.880393981933594,0.09278519451618195,1,0.9975240230560303,-0.05709098279476166,-0.04107801616191864,0,0.05635300278663635,0.9982320070266724,-0.018916450440883636,0,0.04208498075604439,0.016555452719330788,0.99897700548172,0,0,3.962399959564209,-0.2743000090122223,1,0.9999729990959167,-0.005844883620738983,-0.00451698387041688,0,0.006501883268356323,0.9866660237312317,0.16263113915920258,0,0.0035060036461800337,-0.16265612840652466,0.9866769909858704,0,0,14.123299598693848,0.26440000534057617,1,0.9999709725379944,-0.005202882923185825,-0.005570985842496157,0,0.006039883010089397,0.9866690039634705,0.16262613236904144,0,0.00465000607073307,-0.16265513002872467,0.9866719841957092,0,0,11.404500007629395,0.10610000044107437,1,0.9995759725570679,0.006100032478570938,-0.028463972732424736,0,-0.0060990359634160995,0.9999809861183167,0.00012187042011646554,0,0.028463970869779587,0.000052130275435047224,0.9995949864387512,0,0,9.946700096130371,0,1,0.9803490042686462,-0.13527697324752808,-0.14358286559581757,0,0.07910596579313278,0.9363418817520142,-0.34206125140190125,0,0.1807158887386322,0.32398125529289246,0.9286429286003113,0,0,8.579099655151367,0.11420000344514847,1,0.07895995676517487,0.013879993930459023,-0.9967809915542603,0,0.9955710172653198,-0.05228496715426445,0.07813595235347748,0,-0.05103296786546707,-0.9985359907150269,-0.017946988344192505,0,4.224100112915039,8.89840030670166,-0.05660000070929527,1,0.27192223072052,0.327732115983963,-0.9047929048538208,0,0.6980775594711304,0.5799903273582458,0.4198802709579468,0,0.6623793244361877,-0.7457897663116455,-0.07106970995664597,0,0,8.861000061035156,0,1,-0.3009859323501587,0.947750985622406,-0.1057170107960701,0,-0.9251070022583008,-0.2632749378681183,0.27361199259757996,0,0.23148399591445923,0.1801529824733734,0.956013023853302,0,0,18.975200653076172,0,1,0.9972379803657532,-0.030608773231506348,-0.06766634434461594,0,-0.034386418759822845,0.6172759532928467,-0.7859950065612793,0,0.06582701951265335,0.7861510515213013,0.614518940448761,0,0,19.895999908447266,0,1,0.97707599401474,0.2101600021123886,-0.033980000764131546,0,-0.196833997964859,0.9526180028915405,0.23189499974250793,0,0.08110500127077103,-0.2198909968137741,0.9721469879150391,0,-2.088900089263916,2.1412999629974365,1.2094000577926636,1,0.9999949932098389,0.0018789999885484576,-0.0024349999148398638,0,-0.001829999964684248,0.9997979998588562,0.020005999132990837,0,0.002471999963745475,-0.0200009997934103,0.999796986579895,0,-0.329800009727478,2.5601000785827637,0,1,0.9985569715499878,0.05277400091290474,-0.009902000427246094,0,-0.05314499884843826,0.9977049827575684,-0.04196099936962128,0,0.007664000149816275,0.042426999658346176,0.9990699887275696,0,0.07689999788999557,2.7272000312805176,0,1,0.9924790263175964,0.12240800261497498,0.0011569999624043703,0,-0.12220600247383118,0.9913070201873779,-0.04873799905180931,0,-0.00711299991235137,0.04822999984025955,0.9988110065460205,0,-2.5859999656677246,6.942299842834473,0.02969999983906746,1,0.9996309876441956,-0.026975000277161598,-0.003338000038638711,0,0.026978999376296997,0.9698039889335632,0.24238699674606323,0,-0.0033009999897331,-0.24238799512386322,0.9701740145683289,0,0.0010000000474974513,2.844899892807007,0,1,0.9996690154075623,-0.025536999106407166,-0.0031840000301599503,0,0.025546999648213387,0.9698429703712463,0.2423889935016632,0,-0.003102000104263425,-0.2423900067806244,0.9701740145683289,0,-0.0013000000035390258,2.6654999256134033,0,1,0.9931120276451111,0.11716300249099731,-0.0011190000222995877,0,-0.11712399870157242,0.9924219846725464,-0.037161000072956085,0,-0.003242999780923128,0.037036001682281494,0.9993090033531189,0,-0.8149999976158142,6.827199935913086,-0.11010000109672546,1,0.9997249841690063,-0.023233000189065933,-0.003309000050649047,0,0.023315999656915665,0.9674069881439209,0.2521499991416931,0,-0.0026569999754428864,-0.2521570026874542,0.9676830172538757,0,-0.011699999682605267,3.2567999362945557,0,1,0.9997469782829285,-0.022328000515699387,-0.0025949999690055847,0,0.02224699966609478,0.9663130044937134,0.2564080059528351,0,-0.003217000048607588,-0.256401002407074,0.9665650129318237,0,-0.000699999975040555,3.1779000759124756,0,1,0.9930279850959778,0.11772199720144272,-0.006006999872624874,0,-0.11782799661159515,0.9927830100059509,-0.022317998111248016,0,0.003336000256240368,0.022870998829603195,0.9997329711914062,0,0.8988000154495239,6.77869987487793,-0.023000000044703484,1,0.999692976474762,-0.024543000385165215,-0.0033770001027733088,0,0.024555999785661697,0.9635649919509888,0.26634299755096436,0,-0.003283000085502863,-0.26634499430656433,0.9638720154762268,0,-0.004000000189989805,2.9579999446868896,0,1,0.9996150135993958,-0.027496999129652977,-0.003573999973013997,0,0.027437999844551086,0.9622719883918762,0.270702987909317,0,-0.004004000220447779,-0.2706969976425171,0.9626560211181641,0,0.0024999999441206455,2.7569000720977783,0,1,0.9988200068473816,0.048565998673439026,0.0008589997887611389,0,-0.04854099825024605,0.9986500144004822,-0.01850399561226368,0,-0.0017559995176270604,0.01844099536538124,0.9998279809951782,0,2.50219988822937,6.3907999992370605,0.08749999850988388,1,0.9991229772567749,0.04170899838209152,-0.00368599989451468,0,-0.03889999911189079,0.9571719765663147,0.2868959903717041,0,0.015495000407099724,-0.2865009903907776,0.957955002784729,0,0.0031999999191612005,2.623699903488159,0,1,0.9993619918823242,-0.03530599921941757,-0.005483999848365784,0,0.03543199971318245,0.9595540165901184,0.2792870104312897,0,-0.0045980000868439674,-0.27930301427841187,0.9601920247077942,0,0.0038999998942017555,2.1321001052856445,0,1,0.09361003339290619,-0.013575001619756222,0.9955160021781921,0,-0.9522150158882141,-0.293207049369812,0.08554001897573471,0,0.2907310724258423,-0.9559530019760132,-0.04037301614880562,0,-4.224100112915039,8.897299766540527,-0.03020000085234642,1,0.26693278551101685,0.3735109269618988,0.8883895874023438,0,-0.9176892638206482,0.3799963593482971,0.11597182601690292,0,-0.29426828026771545,-0.8462228178977966,0.44419974088668823,0,0,8.861000061035156,0,1,-0.6376335620880127,-0.7679345011711121,0.060816891491413116,0,0.7409245371818542,-0.5897645354270935,0.3212600648403168,0,-0.21083994209766388,0.24990712106227875,0.945035994052887,0,0,18.973600387573242,0,1,0.8986577987670898,0.28817203640937805,0.3307133615016937,0,-0.26603931188583374,0.9575019478797913,-0.11141729354858398,0,-0.34876614809036255,0.012144145555794239,0.9371309280395508,0,0,19.898300170898438,0,1,0.9919859766960144,-0.12560799717903137,0.013639000244438648,0,0.1170400008559227,0.9542099833488464,0.27528899908065796,0,-0.047593001276254654,-0.2714869976043701,0.9612650275230408,0,2.062000036239624,2.147700071334839,1.2410000562667847,1,0.999442994594574,0.03312699869275093,0.004098999779671431,0,-0.033247001469135284,0.9988790154457092,0.033695999532938004,0,-0.0029780000913888216,-0.03381400182843208,0.9994239807128906,0,0.274399995803833,2.5659000873565674,0,1,0.9980970025062561,-0.061124999076128006,0.008104000240564346,0,0.061413999646902084,0.997215986251831,-0.04228699952363968,0,-0.005495999939739704,0.04270400106906891,0.9990730285644531,0,-0.07670000195503235,2.7302000522613525,0,1,0.9945430159568787,-0.10432197898626328,-0.0007659993134438992,0,0.10430097579956055,0.9941400289535522,0.028416190296411514,0,-0.002203019568696618,-0.02834118902683258,0.9995959997177124,0,2.5699000358581543,7.053800106048584,0.05090000107884407,1,0.9999099969863892,0.013420010916888714,0.0007330012740567327,0,-0.01342000998556614,0.9938799738883972,0.10964809358119965,0,0.0007430012919940054,-0.10964809358119965,0.9939699769020081,0,-0.001500000013038516,2.8162999153137207,0,1,0.999925971031189,0.012115010991692543,0.000697001232765615,0,-0.01211801078170538,0.993897020816803,0.10964809358119965,0,0.0006360011757351458,-0.10964909940958023,0.9939699769020081,0,0.0012000000569969416,2.6396000385284424,0,1,0.9950799942016602,-0.0990619882941246,0.001701001194305718,0,0.09886098653078079,0.9938989877700806,0.04889412596821785,0,-0.006535012740641832,-0.04848612844944,0.9988030195236206,0,0.765500009059906,7.018199920654297,-0.09040000289678574,1,0.9999560117721558,0.009364007040858269,0.0006120008183643222,0,-0.009364007040858269,0.9914439916610718,0.1301940530538559,0,0.0006130008259788156,-0.1301940530538559,0.991487979888916,0,0.008500000461935997,3.3401999473571777,0,1,0.9998570084571838,0.016892006620764732,0.0008470009197480977,0,-0.016857007518410683,0.9912840127944946,0.13066105544567108,0,0.001368001103401184,-0.13065706193447113,0.9914270043373108,0,-0.007899999618530273,3.0566999912261963,0,1,0.995028018951416,-0.09959199279546738,-0.00033999962033703923,0,0.09933899343013763,0.9922379851341248,0.07480905205011368,0,-0.007113004568964243,-0.07447104901075363,0.9971979856491089,0,-0.892300009727478,6.911099910736084,-0.12160000205039978,1,0.9998070001602173,0.019607003778219223,0.0015300004743039608,0,-0.019606003537774086,0.9875950217247009,0.15579603612422943,0,0.0015440004644915462,-0.15579603612422943,0.9877880215644836,0,-0.003000000026077032,2.9238998889923096,0,1,0.9998570084571838,0.016829002648591995,0.0013960005016997457,0,-0.01684100180864334,0.9876139760017395,0.15599702298641205,0,0.0012460005236789584,-0.15599803626537323,0.9877570271492004,0,0.0026000000070780516,2.7179999351501465,0,1,0.9952560067176819,-0.09728000313043594,0.0012879999121651053,0,0.09670600295066833,0.99065101146698,0.09621898829936981,0,-0.010636999271810055,-0.0956379845738411,0.9953590035438538,0,-2.4430999755859375,6.45359992980957,0.12549999356269836,1,0.9998040199279785,0.019737999886274338,0.0015769999008625746,0,-0.019708000123500824,0.984250009059906,0.17567899823188782,0,0.0019159999210387468,-0.17567600309848785,0.9844459891319275,0,-0.0026000000070780516,2.6278998851776123,0,1,0.9997329711914062,0.022986000403761864,0.0022369998041540384,0,-0.02302199974656105,0.9841790199279785,0.1756719946861267,0,0.0018369999015703797,-0.17567700147628784,0.9844459891319275,0,-0.0019000000320374966,2.122499942779541,0,1,-0.9976999163627625,-0.03602522611618042,0.05741741880774498,0,0.046720292419195175,-0.9791979789733887,0.1974538117647171,0,0.049110375344753265,0.1996818482875824,0.9786289930343628,0,7.557000160217285,-4.826300144195557,0.3005000054836273,1,0.983443021774292,0.17622414231300354,0.04224680736660957,0,-0.07723715156316757,0.6184985041618347,-0.7819802761077881,0,-0.16393303871154785,0.7657703161239624,0.6218695640563965,0,-0.12460000067949295,24.065799713134766,0.1046999990940094,1,0.9656199812889099,-0.25604698061943054,0.04491462558507919,0,-0.017715677618980408,0.10756176710128784,0.9940410256385803,0,-0.2593529522418976,-0.9606610536575317,0.09932785481214523,0,-0.006000000052154064,33.0630989074707,0.0038999998942017555,1,0.9998490214347839,0,0.0173530001193285,0,-0.009367000311613083,0.8417919874191284,0.5397210121154785,0,-0.01460800040513277,-0.5398020148277283,0.8416650295257568,0,-0.0052999998442828655,12.89330005645752,-0.515500009059906,1,-0.9901379942893982,0.12762774527072906,-0.05777902528643608,0,-0.13852375745773315,-0.9535230994224548,0.2675917446613312,0,-0.020942125469446182,0.2729567289352417,0.9617980718612671,0,-7.557000160217285,-4.826300144195557,0.3005000054836273,1,0.9878509640693665,-0.14827314019203186,0.04653427004814148,0,0.12417326867580414,0.5730577111244202,-0.8100531697273254,0,0.09344300627708435,0.8059901595115662,0.5845066905021667,0,0.12479999661445618,24.070100784301758,-0.14489999413490295,1,0.9724040031433105,0.22977811098098755,0.040414005517959595,0,-0.0659639909863472,0.10462390631437302,0.9923220276832581,0,0.22378510236740112,-0.9676030278205872,0.11689390987157822,0,0.006000000052154064,33.0630989074707,0.0044999998062849045,1,0.9998549818992615,0.0001940013753483072,-0.017041999846696854,0,0.009324000217020512,0.8308009505271912,0.5564910769462585,0,0.014266000129282475,-0.5565700531005859,0.8306789398193359,0,0.005400000140070915,12.718299865722656,-0.5224000215530396,1
