1.167,30,35,65
B0,mixamorig_Hips,-1,0.9988903999328613,0.007705402094870806,0.046418990939855576,0,-0.005859693046659231,0.9991899132728577,-0.039805375039577484,0,-0.046688053756952286,0.03948985040187836,0.9981268048286438,0,-0.0469067245721817,67.82181549072266,-0.5228893160820007,1
B1,mixamorig_Spine,0,0.9993990063667297,-0.03446127101778984,0.0035259947180747986,0,0.03459206968545914,0.9982200264930725,-0.04857390373945236,0,-0.001845691935159266,0.048666857182979584,0.9988129734992981,0,0,3.962399959564209,-0.2743000090122223,1
B2,mixamorig_Spine1,1,0.999686062335968,-0.01411865372210741,0.020660143345594406,0,0.013816854916512966,0.9997963309288025,0.014675501734018326,0,-0.02086278796195984,-0.014384478330612183,0.9996781349182129,0,0,14.123299598693848,0.26440000534057617,1
B3,mixamorig_Spine2,2,0.9996898174285889,-0.013198943808674812,0.021058691665530205,0,0.012887039221823215,0.9998054504394531,0.014903251081705093,0,-0.021251335740089417,-0.014626333490014076,0.9996670484542847,0,0,11.404500007629395,0.10610000044107437,1
B4,mixamorig_Neck,3,0.9995840191841125,0.02882617712020874,-0.0005052914493717253,0,-0.02861875668168068,0.9899682998657227,-0.13835985958576202,0,-0.003487940179184079,0.13831648230552673,0.9903818368911743,0,0,9.946700096130371,0,1
B5,mixamorig_Head,4,0.9976667761802673,0.06053893268108368,-0.03140665590763092,0,-0.06319303065538406,0.9937679767608643,-0.09179309755563736,0,0.025655390694737434,0.09355970472097397,0.9952809810638428,0,0,8.579099655151367,0.11420000344514847,1
B6,mixamorig_HeadTop_End,5,1,0,0,0,0,1,0,0,0,0,1,0,0,25.089099884033203,0.33390000462532043,1
B7,mixamorig_LeftShoulder,3,-0.15658776462078094,0.010187619365751743,-0.9876108169555664,0,0.899419903755188,-0.41167643666267395,-0.146851047873497,0,-0.40807196497917175,-0.9112727642059326,0.055300336331129074,0,4.224100112915039,8.89840030670166,-0.05660000070929527,1
B8,mixamorig_LeftArm,7,0.707206666469574,0.672699511051178,0.2110113799571991,0,-0.5122008323669434,0.2845684885978699,0.8103199005126953,0,0.48491939902305603,-0.6810616254806519,0.5461016297340393,0,0,8.861000061035156,0,1
B9,mixamorig_LeftForeArm,8,0.006831143982708454,0.9987331628799438,0.04970508813858032,0,-0.9987475275993347,0.004358518403023481,0.049696262925863266,0,0.04941698536276817,-0.049982260912656784,0.997527003288269,0,0,18.975200653076172,0,1
B10,mixamorig_LeftHand,9,0.9882991909980774,0.07037489116191864,-0.11655722558498383,0,-0.1132628321647644,0.8943790197372437,-0.43225786089897156,0,0.0738486722111702,0.44051393866539,0.8918309807777405,0,0,19.895999908447266,0,1
B11,mixamorig_LeftHandThumb1,10,0.8887829780578613,0.4567610025405884,-0.03785799816250801,0,-0.3904939889907837,0.79789799451828,0.45920899510383606,0,0.23995600640773773,-0.39335399866104126,0.8875210285186768,0,-2.088900089263916,2.1412999629974365,1.2094000577926636,1
B12,mixamorig_LeftHandThumb2,11,0.9984130263328552,0.024049000814557076,0.05091699957847595,0,-0.01064336858689785,0.9685140252113342,-0.24873299896717072,0,-0.055295370519161224,0.24779662489891052,0.9672330021858215,0,-0.329800009727478,2.5601000785827637,0,1
B13,mixamorig_LeftHandThumb3,12,0.9983400106430054,0.05651099979877472,0.011163000017404556,0,-0.05361799895763397,0.9824810028076172,-0.1784839928150177,0,-0.021053999662399292,0.17758899927139282,0.9838796257972717,0,0.07689999788999557,2.7272000312805176,0,1
B14,mixamorig_LeftHandThumb4,13,1,0,0,0,0,1,0,0,0,0,1,0,0.25290000438690186,2.237600088119507,0,1
B15,mixamorig_LeftHandIndex1,10,0.9929050207138062,0.11890300363302231,0.0012829999905079603,0,-0.11886800080537796,0.9927809834480286,-0.01601099967956543,0,-0.00317799998447299,0.015745000913739204,0.999871015548706,0,-2.5859999656677246,6.942299842834473,0.02969999983906746,1
B16,mixamorig_LeftHandIndex2,15,1,-0.000838999985717237,-0.000001368721768812975,0,0.000838999985717237,1,0,0,0.000001368721768812975,0,1,0,0.0010000000474974513,2.844899892807007,0,1
B17,mixamorig_LeftHandIndex3,16,1,0.0006179999909363687,0.000002368718014622573,0,-0.0006179999909363687,1,0,0,-0.000002368718014622573,0,1,0,-0.0013000000035390258,2.6654999256134033,0,1
B18,mixamorig_LeftHandIndex4,17,1,0,0,0,0,1,0,0,0,0,1,0,0.0003000000142492354,2.2973999977111816,0,1
B19,mixamorig_LeftHandMiddle1,10,0.9933680295944214,0.11497700214385986,-0.0011350000277161598,0,-0.11497999727725983,0.9932339787483215,-0.016294000670313835,0,-0.0007459999760612845,0.01631700061261654,0.9998670220375061,0,-0.8149999976158142,6.827199935913086,-0.11010000109672546,1
B20,mixamorig_LeftHandMiddle2,19,0.9999939799308777,0.003343000076711178,0.00015700000221841037,0,-0.003343000076711178,0.9999939799308777,0.0002800000074785203,0,-0.00015663127123843879,-0.0002800000074785203,1,0,-0.011699999682605267,3.2567999362945557,0,1
B21,mixamorig_LeftHandMiddle3,20,0.9999880194664001,0.004821000155061483,-0.00025499999173916876,0,-0.004821000155061483,0.9999880194664001,0.0000010000036354540498,0,0.00025499999173916876,0,1,0,-0.000699999975040555,3.1779000759124756,0,1
B22,mixamorig_LeftHandMiddle4,21,1,0,0,0,0,1,0,0,0,0,1,0,0.012400000356137753,2.6951000690460205,0,1
B23,mixamorig_LeftHandRing1,10,0.99310302734375,0.11709299683570862,-0.006002999842166901,0,-0.11717599630355835,0.9929819703102112,-0.016018999740481377,0,0.004085000138729811,0.01661200076341629,0.9998540282249451,0,0.8988000154495239,6.77869987487793,-0.023000000044703484,1
B24,mixamorig_LeftHandRing2,23,0.9999970197677612,0.0022589999716728926,0.000012000000424450263,0,-0.0022589999716728926,0.9999970197677612,0,0,-0.000012000000424450263,0,1,0,-0.004000000189989805,2.9579999446868896,0,1
B25,mixamorig_LeftHandRing3,24,1,-0.0002640000020619482,0.000004999999873689376,0,0.0002640000020619482,1,0,0,-0.000004999999873689376,0,1,0,0.0024999999441206455,2.7569000720977783,0,1
B26,mixamorig_LeftHandRing4,25,1,0,0,0,0,1,0,0,0,0,1,0,0.001500000013038516,2.3345999717712402,0,1
B27,mixamorig_LeftHandPinky1,10,0.998790979385376,0.04914499819278717,0.001227000029757619,0,-0.04910200089216232,0.9985079765319824,-0.023883000016212463,0,-0.0023990001063793898,0.02379399910569191,0.9997140169143677,0,2.50219988822937,6.3907999992370605,0.08749999850988388,1
B28,mixamorig_LeftHandPinky2,27,0.9974460005760193,0.07142700254917145,0.0002739999908953905,0,-0.07142700254917145,0.9974150061607361,0.00790099985897541,0,0.000291000003926456,-0.007900631055235863,0.9999690055847168,0,0.0031999999191612005,2.623699903488159,0,1
B29,mixamorig_LeftHandPinky3,28,0.999983012676239,-0.005789000075310469,-0.00014800000644754618,0,0.005789000075310469,0.999983012676239,0,0,0.00014800000644754618,-6.312819209597365e-7,1,0,0.0038999998942017555,2.1321001052856445,0,1
B30,mixamorig_LeftHandPinky4,29,1,0,0,0,0,1,0,0,0,0,1,0,-0.0071000000461936,1.7932000160217285,0,1
B31,mixamorig_RightShoulder,3,-0.020594432950019836,-0.017804861068725586,0.9996262788772583,0,-0.9025842547416687,-0.4297037720680237,-0.026247354224324226,0,0.43001028895378113,-0.9027929306030273,-0.007217928767204285,0,-4.224100112915039,8.897299766540527,-0.03020000085234642,1
B32,mixamorig_RightArm,31,0.8543487191200256,-0.390065997838974,-0.3387918472290039,0,0.49474871158599854,0.4250127375125885,0.7579357624053955,0,-0.15135705471038818,-0.8150094151496887,0.5566010475158691,0,0,8.861000061035156,0,1
B33,mixamorig_RightForeArm,32,0.04020063206553459,-0.9981517195701599,-0.04558158665895462,0,0.9981687664985657,0.03805426508188248,0.04701673611998558,0,-0.04519495368003845,-0.047387998551130295,0.9978536367416382,0,0,18.973600387573242,0,1
B34,mixamorig_RightHand,33,0.9047996997833252,-0.3498094379901886,-0.24183914065361023,0,0.27589574456214905,0.9136947393417358,-0.2938863933086395,0,0.3241058588027954,0.1992015838623047,0.9231421947479248,0,0,19.898300170898438,0,1
B35,mixamorig_RightHandThumb1,34,0.9479659795761108,-0.2769170105457306,-0.15709200501441956,0,0.28415200114250183,0.9584479928016663,0.02518163062632084,0,0.14359162747859955,-0.06850963085889816,0.987263023853302,0,2.062000036239624,2.147700071334839,1.2410000562667847,1
B36,mixamorig_RightHandThumb2,35,0.999442994594574,0.03312699869275093,0.004098000004887581,0,-0.033246368169784546,0.9988790154457092,0.033695999532938004,0,-0.0029770000837743282,-0.03381400182843208,0.9994239807128906,0,0.274399995803833,2.5659000873565674,0,1
B37,mixamorig_RightHandThumb3,36,0.9980970025062561,-0.061124999076128006,0.008104000240564346,0,0.06141463294625282,0.997215986251831,-0.04228699952363968,0,-0.005496631376445293,0.04270400106906891,0.9990730285644531,0,-0.07670000195503235,2.7302000522613525,0,1
B38,mixamorig_RightHandThumb4,37,1,0,0,0,0,1,0,0,0,0,1,0,-0.19769999384880066,2.24429988861084,0,1
B39,mixamorig_RightHandIndex1,34,0.9922509789466858,-0.12425163388252258,0.000539999979082495,0,0.12295299768447876,0.9812359809875488,-0.14852400124073029,0,0.017923999577760696,0.14743900299072266,0.9889090061187744,0,2.5699000358581543,7.053800106048584,0.05090000107884407,1
B40,mixamorig_RightHandIndex2,39,1,0.0009869999485090375,-9.999999974752427e-7,0,-0.0009869999485090375,1,3.681161278579204e-12,0,9.999999974752427e-7,-3.681161278579204e-12,1,0,-0.001500000013038516,2.8162999153137207,0,1
B41,mixamorig_RightHandIndex3,40,1,-0.0003209999995306134,-0.0000019999999949504854,0,0.0003209999995306134,1,0,0,0.0000019999999949504854,0,1,0,0.0012000000569969416,2.6396000385284424,0,1
B42,mixamorig_RightHandIndex4,41,1,0,0,0,0,1,0,0,0,0,1,0,0.0003000000142492354,2.241499900817871,0,1
B43,mixamorig_RightHandMiddle1,34,0.9926620125770569,-0.12090063095092773,0.0022990000434219837,0,0.11989899724721909,0.9816120266914368,-0.14853037893772125,0,0.015699999406933784,0.1477160006761551,0.9889050126075745,0,0.765500009059906,7.018199920654297,-0.09040000289678574,1
B44,mixamorig_RightHandMiddle2,43,0.999987006187439,-0.005129000172019005,0.0000020000036329292925,0,0.005129000172019005,0.999987006187439,3.681161278579204e-12,0,-0.0000020000036329292925,0,1,0,0.008500000461935997,3.3401999473571777,0,1
B45,mixamorig_RightHandMiddle3,44,0.9999970197677612,0.002357000019401312,-0.00007699999696342275,0,-0.002357000019401312,0.9999970197677612,0,0,0.00007699999696342275,0,1,0,-0.007899999618530273,3.0566999912261963,0,1
B46,mixamorig_RightHandMiddle4,45,1,0,0,0,0,1,0,0,0,0,1,0,-0.0006000000284984708,2.6394999027252197,0,1
B47,mixamorig_RightHandRing1,34,0.9921939969062805,-0.12470363080501556,0.0008270000107586384,0,0.1234426349401474,0.9811739921569824,-0.14852337539196014,0,0.017710000276565552,0.1474660038948059,0.9889090061187744,0,-0.892300009727478,6.911099910736084,-0.12160000205039978,1
B48,mixamorig_RightHandRing2,47,0.9999979734420776,0.0019826311618089676,-0.00000136871801714733,0,-0.0019826311618089676,0.9999979734420776,3.681161278579204e-12,0,0.00000136871801714733,-3.681161278579204e-12,1,0,-0.003000000026077032,2.9238998889923096,0,1
B49,mixamorig_RightHandRing3,48,1,-0.0008299999753944576,-0.000009999999747378752,0,0.0008299999753944576,1,6.312782829809294e-7,0,0.000009999999747378752,-6.312782829809294e-7,1,0,0.0026000000070780516,2.7179999351501465,0,1
B50,mixamorig_RightHandRing4,49,1,0,0,0,0,1,0,0,0,0,1,0,0.0003000000142492354,2.3796000480651855,0,1
B51,mixamorig_RightHandPinky1,34,0.9922230243682861,-0.12445399910211563,0.0022513687144964933,0,0.12340600043535233,0.9811789989471436,-0.1485220044851303,0,0.01627499982714653,0.1476449966430664,0.988906979560852,0,-2.4430999755859375,6.45359992980957,0.12549999356269836,1
B52,mixamorig_RightHandPinky2,51,1,0.0000940000027185306,-0.000003000003744091373,0,-0.0000940000027185306,1,0,0,0.000003000003744091373,0,1,0,-0.0026000000070780516,2.6278998851776123,0,1
B53,mixamorig_RightHandPinky3,52,0.9999939799308777,0.003406000090762973,0.00005800000508315861,0,-0.003406000090762973,0.9999939799308777,0,0,-0.00005800000508315861,0,1,0,-0.0019000000320374966,2.122499942779541,0,1
B54,mixamorig_RightHandPinky4,53,1,0,0,0,0,1,0,0,0,0,1,0,0.0044999998062849045,1.7920000553131104,0,1
B55,mixamorig_LeftUpLeg,0,-0.98521488904953,-0.059024564921855927,0.16083331406116486,0,0.08065897971391678,-0.9880298376083374,0.13149350881576538,0,0.15114663541316986,0.14252246916294098,0.9781827926635742,0,7.557000160217285,-4.826300144195557,0.3005000054836273,1
B56,mixamorig_LeftLeg,55,0.9849033355712891,0.10469281673431396,0.13785691559314728,0,-0.03268379718065262,0.8945247530937195,-0.44582226872444153,0,-0.1699908971786499,0.43458643555641174,0.8844418525695801,0,-0.12460000067949295,24.065799713134766,0.1046999990940094,1
B57,mixamorig_LeftFoot,56,0.9800911545753479,-0.16553989052772522,0.10959722846746445,0,-0.05028068646788597,0.3270775079727173,0.9436569213867188,0,-0.1920587718486786,-0.9303845763206482,0.3122410178184509,0,-0.006000000052154064,33.0630989074707,0.0038999998942017555,1
B58,mixamorig_LeftToeBase,57,0.9998490214347839,0,0.0173530001193285,0,-0.009367000311613083,0.841792643070221,0.539720356464386,0,-0.01460800040513277,-0.5398013591766357,0.8416656255722046,0,-0.0052999998442828655,12.89330005645752,-0.515500009059906,1
B59,mixamorig_LeftToe_End,58,1,0,0,0,0,1,0,0,0,0,1,0,0.0142000000923872,6.42080020904541,0.007899999618530273,1
B60,mixamorig_RightUpLeg,0,-0.9780399799346924,0.1329348087310791,-0.16051822900772095,0,-0.15381325781345367,-0.9800964593887329,0.12550583481788635,0,-0.1406385749578476,0.14743946492671967,0.9790204763412476,0,-7.557000160217285,-4.826300144195557,0.3005000054836273,1
B61,mixamorig_RightLeg,60,0.985352098941803,-0.1209334135055542,-0.12023355811834335,0,0.06200498342514038,0.9108662009239197,-0.4080156683921814,0,0.15885934233665466,0.3945847749710083,0.9050226807594299,0,0.12479999661445618,24.070100784301758,-0.14489999413490295,1
B62,mixamorig_RightFoot,61,0.9767547249794006,0.21431085467338562,-0.0037331581115722656,0,-0.07758812606334686,0.36974695324897766,0.9258847236633301,0,0.19980865716934204,-0.90407794713974,0.3777790367603302,0,0.006000000052154064,33.0630989074707,0.0044999998062849045,1
B63,mixamorig_RightToeBase,62,0.9998559951782227,0,-0.016965631395578384,0,0.009282000362873077,0.8370659947395325,0.5470229983329773,0,0.014201000332832336,-0.5471019744873047,0.8369453549385071,0,0.005400000140070915,12.718299865722656,-0.5224000215530396,1
B64,mixamorig_RightToe_End,63,1,0,0,0,0,1,0,0,0,0,1,0,-0.0142000000923872,6.412099838256836,0.007899999618530273,1
@52,0,1,2,3,4,5,7,8,9,10,11,12,13,15,16,17,19,20,21,23,24,25,27,28,29,31,32,33,34,35,36,37,39,40,41,43,44,45,47,48,49,51,52,53,55,56,57,58,60,61,62,63
K0.000,0.9991379976272583,0.007102999836206436,0.040890999138355255,0,-0.005295000039041042,0.9990109801292419,-0.04415300115942955,0,-0.04116399958729744,0.04389899969100952,0.9981880187988281,0,-0.10077100247144699,67.81781005859375,-0.45795801281929016,1,0.9994890093803406,-0.03184499964118004,0.0027379998937249184,0,0.03193499892950058,0.9985209703445435,-0.04399000108242035,0,-0.0013330000219866633,0.04405499994754791,0.9990280270576477,0,0,3.962399959564209,-0.2743000090122223,1,0.9997919797897339,-0.009122000075876713,0.01826000027358532,0,0.008733999915421009,0.9997360110282898,0.021229999139904976,0,-0.018448999151587486,-0.021066000685095787,0.9996079802513123,0,0,14.123299598693848,0.26440000534057617,1,0.9997940063476562,-0.008206999860703945,0.01857900060713291,0,0.007811000104993582,0.9997419714927673,0.021314000710844994,0,-0.018749000504612923,-0.021164000034332275,0.9995999932289124,0,0,11.404500007629395,0.10610000044107437,1,0.999688982963562,0.0246799997985363,-0.003467000089585781,0,-0.02491999976336956,0.9879350066184998,-0.15285299718379974,0,-0.00034699999378062785,0.15289199352264404,0.9882429838180542,0,0,9.946700096130371,0,1,0.9963809847831726,0.07353600114583969,-0.04263300076127052,0,-0.07765500247478485,0.9914630055427551,-0.10474599897861481,0,0.0345660001039505,0.10767699778079987,0.9935849905014038,0,0,8.579099655151367,0.11420000344514847,1,-0.16395500302314758,0.010068999603390694,-0.9864159822463989,0,0.8966169953346252,-0.41543498635292053,-0.15327000617980957,0,-0.4113349914550781,-0.9095669984817505,0.05908399820327759,0,4.224100112915039,8.89840030670166,-0.05660000070929527,1,0.6173800230026245,0.7706030011177063,0.15815399587154388,0,-0.5444899797439575,0.2734909951686859,0.7929270267486572,0,0.5677779912948608,-0.5756509900093079,0.5884339809417725,0,0,8.861000061035156,0,1,0.007697999943047762,0.9987360239028931,0.04966200143098831,0,-0.9987509846687317,0.0052269999869167805,0.049695998430252075,0,0.04937399923801422,-0.04998200014233589,0.9975289702415466,0,0,18.975200653076172,0,1,0.9845330119132996,0.06875299662351608,-0.16114500164985657,0,-0.14180199801921844,0.852886974811554,-0.5024700164794922,0,0.10289199650287628,0.5175489783287048,0.8494449853897095,0,0,19.895999908447266,0,1,0.8887829780578613,0.4567610025405884,-0.0378590002655983,0,-0.3904930055141449,0.79789799451828,0.45920899510383606,0,0.23995600640773773,-0.39335399866104126,0.8875210285186768,0,-2.088900089263916,2.1412999629974365,1.2094000577926636,1,0.9984130263328552,0.024049000814557076,0.05091699957847595,0,-0.01064400002360344,0.9685140252113342,-0.24873299896717072,0,-0.055296000093221664,0.24779599905014038,0.9672330021858215,0,-0.329800009727478,2.5601000785827637,0,1,0.9983400106430054,0.05651099979877472,0.011163000017404556,0,-0.05361799895763397,0.9824810028076172,-0.1784839928150177,0,-0.021052999421954155,0.17758899927139282,0.9838799834251404,0,0.07689999788999557,2.7272000312805176,0,1,0.9929050207138062,0.11890300363302231,0.0012829999905079603,0,-0.11886800080537796,0.9927809834480286,-0.016011999920010567,0,-0.00317799998447299,0.015745000913739204,0.999871015548706,0,-2.5859999656677246,6.942299842834473,0.02969999983906746,1,1,-0.000838999985717237,-0.0000019999999949504854,0,0.000838999985717237,1,0,0,0.0000019999999949504854,0,1,0,0.0010000000474974513,2.844899892807007,0,1,1,0.0006179999909363687,0.0000019999999949504854,0,-0.0006179999909363687,1,0,0,-0.0000019999999949504854,0,1,0,-0.0013000000035390258,2.6654999256134033,0,1,0.9933680295944214,0.11497599631547928,-0.0011350000277161598,0,-0.11497999727725983,0.9932339787483215,-0.016295000910758972,0,-0.0007459999760612845,0.01631700061261654,0.9998670220375061,0,-0.8149999976158142,6.827199935913086,-0.11010000109672546,1,0.9999939799308777,0.003343000076711178,0.00015700000221841037,0,-0.003343000076711178,0.9999939799308777,0.0002800000074785203,0,-0.000155999994603917,-0.0002800000074785203,1,0,-0.011699999682605267,3.2567999362945557,0,1,0.9999880194664001,0.004821000155061483,-0.00025499999173916876,0,-0.004821000155061483,0.9999880194664001,0,0,0.00025499999173916876,0,1,0,-0.000699999975040555,3.1779000759124756,0,1,0.99310302734375,0.11709299683570862,-0.006002999842166901,0,-0.11717599630355835,0.9929819703102112,-0.016018999740481377,0,0.004085000138729811,0.01661200076341629,0.9998540282249451,0,0.8988000154495239,6.77869987487793,-0.023000000044703484,1,0.9999970197677612,0.0022589999716728926,0.000012000000424450263,0,-0.0022589999716728926,0.9999970197677612,0,0,-0.000012000000424450263,0,1,0,-0.004000000189989805,2.9579999446868896,0,1,1,-0.0002640000020619482,0.000004999999873689376,0,0.0002640000020619482,1,0,0,-0.000004999999873689376,0,1,0,0.0024999999441206455,2.7569000720977783,0,1,0.998790979385376,0.04914499819278717,0.0012260000221431255,0,-0.04910200089216232,0.9985079765319824,-0.023883000016212463,0,-0.0023980000987648964,0.02379399910569191,0.9997140169143677,0,2.50219988822937,6.3907999992370605,0.08749999850988388,1,0.9974460005760193,0.07142700254917145,0.0002739999908953905,0,-0.07142700254917145,0.9974150061607361,0.007902000099420547,0,0.000291000003926456,-0.00790099985897541,0.9999690055847168,0,0.0031999999191612005,2.623699903488159,0,1,0.999983012676239,-0.005787999834865332,-0.00014800000644754618,0,0.005787999834865332,0.999983012676239,0,0,0.00014800000644754618,0,1,0,0.0038999998942017555,2.1321001052856445,0,1,-0.03864400088787079,-0.015456000342965126,0.9991329908370972,0,-0.9079679846763611,-0.4169729948043823,-0.04156799986958504,0,0.4172540009021759,-0.9087870121002197,0.0020800000056624413,0,-4.224100112915039,8.897299766540527,-0.03020000085234642,1,0.75661301612854,-0.6116660237312317,-0.23108799755573273,0,0.5468569993972778,0.39820900559425354,0.7364619970321655,0,-0.35844799876213074,-0.683588981628418,0.6357839703559875,0,0,8.861000061035156,0,1,0.03246000036597252,-0.998416006565094,-0.04594599828124046,0,0.9984340071678162,0.030295999720692635,0.04702899977564812,0,-0.045563001185655594,-0.04740099981427193,0.9978359937667847,0,0,18.973600387573242,0,1,0.9480649828910828,-0.2810629904270172,-0.14891700446605682,0,0.24833600223064423,0.9466050267219543,-0.205594003200531,0,0.19875000417232513,0.1579349935054779,0.9672409892082214,0,0,19.898300170898438,0,1,0.9479659795761108,-0.2769170105457306,-0.15709300339221954,0,0.28415200114250183,0.9584479928016663,0.025181999430060387,0,0.1435920000076294,-0.06851000338792801,0.987263023853302,0,2.062000036239624,2.147700071334839,1.2410000562667847,1,0.999442994594574,0.03312699869275093,0.004098000004887581,0,-0.033247001469135284,0.9988790154457092,0.033695999532938004,0,-0.0029770000837743282,-0.03381400182843208,0.9994239807128906,0,0.274399995803833,2.5659000873565674,0,1,0.9980970025062561,-0.061124999076128006,0.008104000240564346,0,0.061413999646902084,0.997215986251831,-0.04228699952363968,0,-0.005497000180184841,0.04270400106906891,0.9990730285644531,0,-0.07670000195503235,2.7302000522613525,0,1,0.9922509789466858,-0.12425100058317184,0.000539999979082495,0,0.12295299768447876,0.9812359809875488,-0.14852400124073029,0,0.017923999577760696,0.14743900299072266,0.9889090061187744,0,2.5699000358581543,7.053800106048584,0.05090000107884407,1,1,0.0009869999485090375,0,0,-0.0009869999485090375,1,0,0,0,0,1,0,-0.001500000013038516,2.8162999153137207,0,1,1,-0.0003209999995306134,0,0,0.0003209999995306134,1,0,0,0,0,1,0,0.0012000000569969416,2.6396000385284424,0,1,0.9926620125770569,-0.12090100347995758,0.0022990000434219837,0,0.11989899724721909,0.9816120266914368,-0.1485310047864914,0,0.015699999406933784,0.1477160006761551,0.9889050126075745,0,0.765500009059906,7.018199920654297,-0.09040000289678574,1,0.999987006187439,-0.005129000172019005,0.000003000000106112566,0,0.005129000172019005,0.999987006187439,0,0,-0.000003000000106112566,0,1,0,0.008500000461935997,3.3401999473571777,0,1,0.9999970197677612,0.002357000019401312,-0.00007699999696342275,0,-0.002357000019401312,0.9999970197677612,0,0,0.00007699999696342275,0,1,0,-0.007899999618530273,3.0566999912261963,0,1,0.9921939969062805,-0.12470400333404541,0.0008270000107586384,0,0.12344300001859665,0.9811739921569824,-0.14852400124073029,0,0.017710000276565552,0.1474660038948059,0.9889090061187744,0,-0.892300009727478,6.911099910736084,-0.12160000205039978,1,0.9999979734420776,0.0019829999655485153,0,0,-0.0019829999655485153,0.9999979734420776,0,0,0,0,1,0,-0.003000000026077032,2.9238998889923096,0,1,1,-0.0008299999753944576,-0.000009999999747378752,0,0.0008299999753944576,1,0,0,0.000009999999747378752,0,1,0,0.0026000000070780516,2.7179999351501465,0,1,0.9922230243682861,-0.12445399910211563,0.0022509999107569456,0,0.12340600043535233,0.9811789989471436,-0.1485220044851303,0,0.01627499982714653,0.1476449966430664,0.988906979560852,0,-2.4430999755859375,6.45359992980957,0.12549999356269836,1,1,0.0000940000027185306,-0.000003000000106112566,0,-0.0000940000027185306,1,0,0,0.000003000000106112566,0,1,0,-0.0026000000070780516,2.6278998851776123,0,1,0.9999939799308777,0.003406000090762973,0.000058000001445179805,0,-0.003406000090762973,0.9999939799308777,0,0,-0.000058000001445179805,0,1,0,-0.0019000000320374966,2.122499942779541,0,1,-0.9846190214157104,-0.061643000692129135,0.1634809970855713,0,0.08324400335550308,-0.9881759881973267,0.1287579983472824,0,0.15361100435256958,0.14038699865341187,0.9781079888343811,0,7.557000160217285,-4.826300144195557,0.3005000054836273,1,0.9849849939346313,0.10298299789428711,0.13856300711631775,0,-0.030479999259114265,0.8937320113182068,-0.4475649893283844,0,-0.16992999613285065,0.4366219937801361,0.883450984954834,0,-0.12460000067949295,24.065799713134766,0.1046999990940094,1,0.9804459810256958,-0.1642400026321411,0.1083969995379448,0,-0.04957899823784828,0.32690200209617615,0.9437569975852966,0,-0.19043800234794617,-0.9306769967079163,0.3123669922351837,0,-0.006000000052154064,33.0630989074707,0.0038999998942017555,1,0.9998490214347839,0,0.0173530001193285,0,-0.009367000311613083,0.8417919874191284,0.5397199988365173,0,-0.01460800040513277,-0.5398010015487671,0.8416659832000732,0,-0.0052999998442828655,12.89330005645752,-0.515500009059906,1,-0.9784849882125854,0.13126300275325775,-0.15917900204658508,0,-0.1507669985294342,-0.9815800189971924,0.11734200268983841,0,-0.14084500074386597,0.1388159990310669,0.9802510142326355,0,-7.557000160217285,-4.826300144195557,0.3005000054836273,1,0.9851260185241699,-0.12256599962711334,-0.12043099850416183,0,0.06369099766016006,0.9114009737968445,-0.4065609872341156,0,0.15959100425243378,0.39284399151802063,0.9056509733200073,0,0.12479999661445618,24.070100784301758,-0.14489999413490295,1,0.9763609766960144,0.21595099568367004,-0.009162000380456448,0,-0.0727740004658699,0.36834800243377686,0.9268350005149841,0,0.20352600514888763,-0.9042590260505676,0.375355988740921,0,0.006000000052154064,33.0630989074707,0.0044999998062849045,1,0.9998559951782227,0,-0.016966000199317932,0,0.009282000362873077,0.8370659947395325,0.5470240116119385,0,0.014201000332832336,-0.5471029877662659,0.8369449973106384,0,0.005400000140070915,12.718299865722656,-0.5224000215530396,1
K0.033,0.999222993850708,0.008205006830394268,0.03855598345398903,0,-0.006506007164716721,0.9990100264549255,-0.04400099441409111,0,-0.03887798637151718,0.04371599480509758,0.9982870221138,0,-0.06791682541370392,67.81697845458984,-0.47179123759269714,1,0.9994140267372131,-0.03406001999974251,0.0032770070247352123,0,0.03417302295565605,0.9983919858932495,-0.04522501304745674,0,-0.0017310056136921048,0.04531101509928703,0.9989709854125977,0,0,3.962399959564209,-0.2743000090122223,1,0.9997169971466064,-0.013506033457815647,0.019573016092181206,0,0.013106033205986023,0.9997050166130066,0.020432982593774796,0,-0.01984301768243313,-0.02017098292708397,0.9995999932289124,0,0,14.123299598693848,0.26440000534057617,1,0.9997220039367676,-0.012541032396256924,0.019989019259810448,0,0.012128032743930817,0.9997140169143677,0.020606985315680504,0,-0.02024201862514019,-0.020358983427286148,0.9995880126953125,0,0,11.404500007629395,0.10610000044107437,1,0.9995319843292236,0.030563030391931534,-0.0015769849997013807,0,-0.030461028218269348,0.9886000156402588,-0.14744995534420013,0,-0.0029470177832990885,0.147428959608078,0.9890679717063904,0,0,9.946700096130371,0,1,0.9965220093727112,0.07380001246929169,-0.03868895396590233,0,-0.0774570107460022,0.9916020035743713,-0.10356993973255157,0,0.03072095848619938,0.10620693117380142,0.9938690066337585,0,0,8.579099655151367,0.11420000344514847,1,-0.15614894032478333,0.010234001092612743,-0.9876800179481506,0,0.8994759917259216,-0.41169098019599915,-0.14646995067596436,0,-0.40811797976493835,-0.911266028881073,0.055079974234104156,0,4.224100112915039,8.89840030670166,-0.05660000070929527,1,0.6536634564399719,0.7355043888092041,0.17820537090301514,0,-0.544452965259552,0.2934861183166504,0.7857720255851746,0,0.5256373882293701,-0.6106545925140381,0.5922888517379761,0,0,8.861000061035156,0,1,0.010085081681609154,0.9987210035324097,0.049542997032403946,0,-0.9987350106239319,0.00762008223682642,0.04969500005245209,0,0.04925399646162987,-0.049981001764535904,0.997534990310669,0,0,18.975200653076172,0,1,0.9681988954544067,0.028568578884005547,-0.24854537844657898,0,-0.13899773359298706,0.8874461054801941,-0.43945279717445374,0,0.2080165445804596,0.46002474427223206,0.86319500207901,0,0,19.895999908447266,0,1,0.8887829780578613,0.4567610025405884,-0.0378590002655983,0,-0.3904939889907837,0.79789799451828,0.45920899510383606,0,0.23995600640773773,-0.39335399866104126,0.8875210285186768,0,-2.088900089263916,2.1412999629974365,1.2094000577926636,1,0.9984130263328552,0.024049000814557076,0.05091699957847595,0,-0.010642999783158302,0.9685140252113342,-0.24873299896717072,0,-0.05529500171542168,0.24779599905014038,0.9672330021858215,0,-0.329800009727478,2.5601000785827637,0,1,0.9983400106430054,0.05651099979877472,0.011163000017404556,0,-0.05361799895763397,0.9824810028076172,-0.1784839928150177,0,-0.021052999421954155,0.17758899927139282,0.9838799834251404,0,0.07689999788999557,2.7272000312805176,0,1,0.9929050207138062,0.11890300363302231,0.0012829999905079603,0,-0.11886800080537796,0.9927809834480286,-0.01601099967956543,0,-0.00317799998447299,0.015745000913739204,0.999871015548706,0,-2.5859999656677246,6.942299842834473,0.02969999983906746,1,1,-0.000838999985717237,-0.0000019999999949504854,0,0.000838999985717237,1,0,0,0.0000019999999949504854,0,1,0,0.0010000000474974513,2.844899892807007,0,1,1,0.0006179999909363687,0.000002000009999392205,0,-0.0006179999909363687,1,0,0,-0.000002000009999392205,0,1,0,-0.0013000000035390258,2.6654999256134033,0,1,0.9933680295944214,0.11497700214385986,-0.0011350000277161598,0,-0.11497999727725983,0.9932339787483215,-0.016295000910758972,0,-0.0007459999760612845,0.01631700061261654,0.9998670220375061,0,-0.8149999976158142,6.827199935913086,-0.11010000109672546,1,0.9999939799308777,0.003343000076711178,0.00015700000221841037,0,-0.003343000076711178,0.9999939799308777,0.0002800000074785203,0,-0.000155999994603917,-0.0002809999859891832,1,0,-0.011699999682605267,3.2567999362945557,0,1,0.9999880194664001,0.004821000155061483,-0.00025499999173916876,0,-0.004821000155061483,0.9999880194664001,0,0,0.00025499999173916876,0,1,0,-0.000699999975040555,3.1779000759124756,0,1,0.99310302734375,0.11709299683570862,-0.006002999842166901,0,-0.11717599630355835,0.9929819703102112,-0.016018999740481377,0,0.004085000138729811,0.01661200076341629,0.9998540282249451,0,0.8988000154495239,6.77869987487793,-0.023000000044703484,1,0.9999970197677612,0.0022589999716728926,0.000012000000424450263,0,-0.0022589999716728926,0.9999970197677612,0,0,-0.000012000000424450263,0,1,0,-0.004000000189989805,2.9579999446868896,0,1,1,-0.0002640000020619482,0.000004999999873689376,0,0.0002640000020619482,1,0,0,-0.000004999999873689376,0,1,0,0.0024999999441206455,2.7569000720977783,0,1,0.998790979385376,0.04914499819278717,0.001227000029757619,0,-0.04910200089216232,0.9985079765319824,-0.023883000016212463,0,-0.0023980000987648964,0.02379399910569191,0.9997140169143677,0,2.50219988822937,6.3907999992370605,0.08749999850988388,1,0.9974460005760193,0.07142800092697144,0.0002739999908953905,0,-0.07142700254917145,0.9974150061607361,0.00790099985897541,0,0.000291000003926456,-0.00790099985897541,0.9999690055847168,0,0.0031999999191612005,2.623699903488159,0,1,0.999983012676239,-0.005789000075310469,-0.00014800000644754618,0,0.005789000075310469,0.999983012676239,0,0,0.00014800000644754618,0,1,0,0.0038999998942017555,2.1321001052856445,0,1,-0.0369819700717926,-0.01602700538933277,0.9991869926452637,0,-0.9058690071105957,-0.42163804173469543,-0.04029197618365288,0,0.42194104194641113,-0.9066230058670044,0.0010739839635789394,0,-4.224100112915039,8.897299766540527,-0.03020000085234642,1,0.8029274344444275,-0.5346579551696777,-0.263529509305954,0,0.5252247452735901,0.4255352020263672,0.7369250655174255,0,-0.28186196088790894,-0.7301095128059387,0.6224896907806396,0,0,8.861000061035156,0,1,0.028628047555685043,-0.9985250234603882,-0.046126995235681534,0,0.9985430240631104,0.02645604871213436,0.04703399911522865,0,-0.045743994414806366,-0.04740599915385246,0.9978280067443848,0,0,18.973600387573242,0,1,0.943362832069397,-0.29747822880744934,-0.14687755703926086,0,0.2752973139286041,0.9489730000495911,-0.15382437407970428,0,0.18514235317707062,0.10467716306447983,0.9771209955215454,0,0,19.898300170898438,0,1,0.9479659795761108,-0.2769170105457306,-0.15709200501441956,0,0.28415200114250183,0.9584479928016663,0.025181999430060387,0,0.1435920000076294,-0.06851000338792801,0.987263023853302,0,2.062000036239624,2.147700071334839,1.2410000562667847,1,0.999442994594574,0.03312699869275093,0.004098000004887581,0,-0.033245999366045,0.9988790154457092,0.033695999532938004,0,-0.0029780000913888216,-0.03381400182843208,0.9994239807128906,0,0.274399995803833,2.5659000873565674,0,1,0.9980970025062561,-0.061124999076128006,0.00810300000011921,0,0.061413999646902084,0.997215986251831,-0.04228699952363968,0,-0.005495999939739704,0.04270400106906891,0.9990730285644531,0,-0.07670000195503235,2.7302000522613525,0,1,0.9922509789466858,-0.12425199896097183,0.000539999979082495,0,0.12295299768447876,0.9812359809875488,-0.14852400124073029,0,0.017923999577760696,0.14743900299072266,0.9889090061187744,0,2.5699000358581543,7.053800106048584,0.05090000107884407,1,1,0.0009869999485090375,0,0,-0.0009869999485090375,1,0,0,0,0,1,0,-0.001500000013038516,2.8162999153137207,0,1,1,-0.0003209999995306134,-0.0000010000100019169622,0,0.0003209999995306134,1,0,0,0.0000010000100019169622,0,1,0,0.0012000000569969416,2.6396000385284424,0,1,0.9926620125770569,-0.12090100347995758,0.0022990000434219837,0,0.11989899724721909,0.9816120266914368,-0.1485300064086914,0,0.015699999406933784,0.1477160006761551,0.9889050126075745,0,0.765500009059906,7.018199920654297,-0.09040000289678574,1,0.999987006187439,-0.005129000172019005,0.000003000000106112566,0,0.005129000172019005,0.999987006187439,0,0,-0.000003000000106112566,0,1,0,0.008500000461935997,3.3401999473571777,0,1,0.9999970197677612,0.002357000019401312,-0.00007699999696342275,0,-0.002357000019401312,0.9999970197677612,0,0,0.00007699999696342275,0,1,0,-0.007899999618530273,3.0566999912261963,0,1,0.9921939969062805,-0.12470400333404541,0.0008270000107586384,0,0.12344300001859665,0.9811739921569824,-0.1485230028629303,0,0.017710000276565552,0.1474660038948059,0.9889090061187744,0,-0.892300009727478,6.911099910736084,-0.12160000205039978,1,0.9999979734420776,0.0019829999655485153,0,0,-0.0019829999655485153,0.9999979734420776,0,0,0,0,1,0,-0.003000000026077032,2.9238998889923096,0,1,1,-0.0008299999753944576,-0.000009999999747378752,0,0.0008299999753944576,1,0,0,0.000009999999747378752,0,1,0,0.0026000000070780516,2.7179999351501465,0,1,0.9922230243682861,-0.12445499747991562,0.002251999918371439,0,0.12340600043535233,0.9811789989471436,-0.1485220044851303,0,0.01627499982714653,0.1476449966430664,0.988906979560852,0,-2.4430999755859375,6.45359992980957,0.12549999356269836,1,1,0.0000940000027185306,-0.0000030000101105542853,0,-0.0000940000027185306,1,0,0,0.0000030000101105542853,0,1,0,-0.0026000000070780516,2.6278998851776123,0,1,0.9999939799308777,0.003406000090762973,0.00005900000178371556,0,-0.003406000090762973,0.9999939799308777,0,0,-0.00005900000178371556,0,1,0,-0.0019000000320374966,2.122499942779541,0,1,-0.9848660230636597,-0.06033899635076523,0.1624779999256134,0,0.0818680003285408,-0.9882270097732544,0.12925000488758087,0,0.15276600420475006,0.14059500396251678,0.9782099723815918,0,7.557000160217285,-4.826300144195557,0.3005000054836273,1,0.9849950075149536,0.10264099389314651,0.13874399662017822,0,-0.030183997005224228,0.8939890265464783,-0.44707098603248596,0,-0.16992400586605072,0.4361740052700043,0.8836730122566223,0,-0.12460000067949295,24.065799713134766,0.1046999990940094,1,0.9807950258255005,-0.1632010042667389,0.10680298507213593,0,-0.04830998554825783,0.3272559940814972,0.9437000155448914,0,-0.18896497786045074,-0.9307360053062439,0.31308698654174805,0,-0.006000000052154064,33.0630989074707,0.0038999998942017555,1,0.9998490214347839,0,0.0173530001193285,0,-0.009367000311613083,0.8417919874191284,0.5397199988365173,0,-0.01460800040513277,-0.5398020148277283,0.8416650295257568,0,-0.0052999998442828655,12.89330005645752,-0.515500009059906,1,-0.9780619740486145,0.1328750103712082,-0.16043700277805328,0,-0.15260601043701172,-0.9812610149383545,0.11763400584459305,0,-0.14180000126361847,0.1395370066165924,0.980010986328125,0,-7.557000160217285,-4.826300144195557,0.3005000054836273,1,0.9851300120353699,-0.12267199158668518,-0.12029200047254562,0,0.06372199207544327,0.9110869765281677,-0.407260000705719,0,0.15955600142478943,0.3935390114784241,0.9053559899330139,0,0.12479999661445618,24.070100784301758,-0.14489999413490295,1,0.9761620163917542,0.2167920023202896,-0.010386009700596333,0,-0.0719279944896698,0.3682819902896881,0.9269279837608337,0,0.20477600395679474,-0.9040849804878235,0.37509599328041077,0,0.006000000052154064,33.0630989074707,0.0044999998062849045,1,0.9998559951782227,0,-0.016966000199317932,0,0.009282000362873077,0.8370659947395325,0.5470229983329773,0,0.014201000332832336,-0.5471019744873047,0.8369460105895996,0,0.005400000140070915,12.718299865722656,-0.5224000215530396,1
